,ds,trend,yhat_lower,yhat_upper,trend_lower,trend_upper,multiplicative_terms,multiplicative_terms_lower,multiplicative_terms_upper,yearly,yearly_lower,yearly_upper,additive_terms,additive_terms_lower,additive_terms_upper,yhat
0,1990-12-31,3570751.4271771917,147806403.87067908,154076509.295954,3570751.4271771917,3570751.4271771917,41.23919533004977,41.23919533004977,41.23919533004977,41.23919533004977,41.23919533004977,41.23919533004977,0.0,0.0,0.0,150825667.00759137
1,1991-12-31,3526806.4854731,145698366.23665178,152111437.8508712,3526806.4854731,3526806.4854731,41.24238436658369,41.24238436658369,41.24238436658369,41.24238436658369,41.24238436658369,41.24238436658369,0.0,0.0,0.0,148980715.14591485
2,1992-12-30,3504281.5850588954,145010879.4828411,151394967.826382,3504281.5850588954,3504281.5850588954,41.21663283476195,41.21663283476195,41.21663283476195,41.21663283476195,41.21663283476195,41.21663283476195,0.0,0.0,0.0,147938969.02604902
3,1993-12-31,3760103.0019463613,155658636.44541833,161843154.1068651,3760103.0019463613,3760103.0019463613,41.20706962412183,41.20706962412183,41.20706962412183,41.20706962412183,41.20706962412183,41.20706962412183,0.0,0.0,0.0,158702929.19701958
4,1994-12-31,3805787.623996503,157743360.76782185,163854540.31444797,3805787.623996503,3805787.623996503,41.239195330049796,41.239195330049796,41.239195330049796,41.239195330049796,41.239195330049796,41.239195330049796,0.0,0.0,0.0,160753406.83467442
5,1995-12-31,4103064.9410390444,169976035.54048565,176331359.4586407,4103064.9410390444,4103064.9410390444,41.24238436658369,41.24238436658369,41.24238436658369,41.24238436658369,41.24238436658369,41.24238436658369,0.0,0.0,0.0,173323246.32042536
6,1996-12-30,4177547.6655744463,172960158.1935997,179476886.15070006,4177547.6655744463,4177547.6655744463,41.21663283476204,41.21663283476204,41.21663283476204,41.21663283476204,41.21663283476204,41.21663283476204,0.0,0.0,0.0,176361995.94727367
7,1997-12-31,3958502.3743482884,163787986.30241063,170197843.20392537,3958502.3743482884,3958502.3743482884,41.2070696241219,41.2070696241219,41.2070696241219,41.2070696241219,41.2070696241219,41.2070696241219,0.0,0.0,0.0,167076785.32137007
8,1998-12-31,4148094.0663524354,172037720.3685325,178307478.15213975,4148094.0663524354,4148094.0663524354,41.239195330049796,41.239195330049796,41.239195330049796,41.239195330049796,41.239195330049796,41.239195330049796,0.0,0.0,0.0,175212155.51608106
9,1999-12-31,4134830.113616024,171404354.03563398,177632077.9061265,4134830.113616024,4134830.113616024,41.24238436658365,41.24238436658365,41.24238436658365,41.24238436658365,41.24238436658365,41.24238436658365,0.0,0.0,0.0,174665082.94989285
10,2000-12-30,4395266.121729969,182211308.24149522,188677912.43181866,4395266.121729969,4395266.121729969,41.216632834762194,41.216632834762194,41.216632834762194,41.216632834762194,41.216632834762194,41.216632834762194,0.0,0.0,0.0,185553336.0721433
11,2001-12-31,4429781.5331150275,183584028.51106375,190475252.35150874,4429781.5331150275,4429781.5331150275,41.20706962412152,41.20706962412152,41.20706962412152,41.20706962412152,41.20706962412152,41.20706962412152,0.0,0.0,0.0,186968097.58783373
12,2002-12-31,4288185.160067348,177923848.9107884,184492419.22702974,4288185.160067348,4288185.160067348,41.23919533004961,41.23919533004961,41.23919533004961,41.23919533004961,41.23919533004961,41.23919533004961,0.0,0.0,0.0,181129490.58750477
13,2003-12-31,4370993.154914352,181477630.72354707,187805799.3338171,4370993.154914352,4370993.154914352,41.24238436658377,41.24238436658377,41.24238436658377,41.24238436658377,41.24238436658377,41.24238436658377,0.0,0.0,0.0,184641172.91359872
14,2004-12-30,4451670.590056514,184534092.37642828,191226455.3805687,4451670.590056514,4451670.590056514,41.21663283476189,41.21663283476189,41.21663283476189,41.21663283476189,41.21663283476189,41.21663283476189,0.0,0.0,0.0,187934542.8017237
15,2005-12-31,4532569.058512328,188259777.51556185,194631062.8105447,4532569.058512328,4532569.058512328,41.20706962412183,41.20706962412183,41.20706962412183,41.20706962412183,41.20706962412183,41.20706962412183,0.0,0.0,0.0,191306457.82877016
16,2006-12-31,4431880.981473638,184041171.37173703,190350311.4169902,4431880.981473638,4431880.981473638,41.23919533004987,41.23919533004987,41.23919533004987,41.23919533004987,41.23919533004987,41.23919533004987,0.0,0.0,0.0,187199086.4559981
17,2007-12-31,4471475.27674861,185384465.0980045,191839584.82388613,4471475.27674861,4471475.27674861,41.24238436658369,41.24238436658369,41.24238436658369,41.24238436658369,41.24238436658369,41.24238436658369,0.0,0.0,0.0,188885777.32609096
18,2008-12-30,4509763.208688055,187299719.52419785,193657525.19587794,4509763.208688055,4509763.208688055,41.21663283476192,41.21663283476192,41.21663283476192,41.21663283476192,41.21663283476192,41.21663283476192,0.0,0.0,0.0,190387017.55290142
19,2009-12-31,4298660.434538511,178432116.61642978,184429936.26166454,4298660.434538511,4298660.434538511,41.207069624121836,41.207069624121836,41.207069624121836,41.207069624121836,41.207069624121836,41.207069624121836,0.0,0.0,0.0,181433860.25102475
20,2010-12-31,4371810.965531201,181431355.27687666,187500584.12247857,4371810.965531201,4371810.965531201,41.239195330049846,41.239195330049846,41.239195330049846,41.239195330049846,41.239195330049846,41.239195330049846,0.0,0.0,0.0,184661777.31912622
21,2011-12-31,4320415.478465267,179410268.89169177,185775011.60816634,4320415.478465267,4320415.478465267,41.242384366583714,41.242384366583714,41.242384366583714,41.242384366583714,41.242384366583714,41.242384366583714,0.0,0.0,0.0,182504651.2646675
22,2012-12-30,4299969.698079431,178175363.2809358,184439904.10546198,4299969.698079431,4299969.698079431,41.21663283476191,41.21663283476191,41.21663283476191,41.21663283476191,41.21663283476191,41.21663283476191,0.0,0.0,0.0,181530241.94442138
23,2013-12-31,4291048.549907254,177812961.74384764,184347076.6904592,4291048.549907254,4291048.549907254,41.20706962412192,41.20706962412192,41.20706962412192,41.20706962412192,41.20706962412192,41.20706962412192,0.0,0.0,0.0,181112584.90642288
24,2014-12-31,4282151.776456859,177664652.0668028,184168164.42251024,4282151.776456859,4282151.776456859,41.23919533004975,41.23919533004975,41.23919533004975,41.23919533004975,41.23919533004975,41.23919533004975,0.0,0.0,0.0,180874645.31868082
25,2015-12-31,4273255.003006463,177422062.40631694,183672936.20841408,4273255.003006463,4273255.003006463,41.24238436658362,41.24238436658362,41.24238436658362,41.24238436658362,41.24238436658362,41.24238436658362,0.0,0.0,0.0,180512480.33342546
26,2016-12-30,4264358.229556067,176796639.90496516,183065365.44067767,4264358.229556067,4264358.229556067,41.21663283476182,41.21663283476182,41.21663283476182,41.21663283476182,41.21663283476182,41.21663283476182,0.0,0.0,0.0,180026845.65306342
27,2017-12-31,4255437.08138389,176534924.4146148,182883778.3806323,4255437.08138389,4255437.08138389,41.2070696241219,41.2070696241219,41.2070696241219,41.2070696241219,41.2070696241219,41.2070696241219,0.0,0.0,0.0,179609529.17503992
28,2018-12-31,4246540.3079334935,176264472.19843096,182357204.47716126,4246540.3079334935,4246540.3079334935,41.23919533004976,41.23919533004976,41.23919533004976,41.23919533004976,41.23919533004976,41.23919533004976,0.0,0.0,0.0,179370445.5437325
29,2019-12-31,4237643.534483098,165774660.9080009,190220201.3225007,3949853.462140711,4477793.50139661,41.24238436658369,41.24238436658369,41.24238436658369,41.24238436658369,41.24238436658369,41.24238436658369,0.0,0.0,0.0,179008166.9922033
30,2020-12-31,4228722.386310921,143585477.05704105,211283787.58429036,3400054.453138341,4993703.305588211,41.14604612524945,41.14604612524945,41.14604612524945,41.14604612524945,41.14604612524945,41.14604612524945,0.0,0.0,0.0,178223928.744335
31,2021-12-31,4219825.612860524,115701197.1014883,239890345.8642663,2793331.526356096,5700113.628299607,41.207069624122106,41.207069624122106,41.207069624122106,41.207069624122106,41.207069624122106,41.207069624122106,0.0,0.0,0.0,178106473.44365788
32,2022-12-31,4210928.839410129,86747286.91202529,276377578.44031626,2065900.92112714,6542624.46269578,41.23919533004977,41.23919533004977,41.23919533004977,41.23919533004977,41.23919533004977,41.23919533004977,0.0,0.0,0.0,177866245.7687842
33,2023-12-31,4202032.065959733,53912094.97564307,307837707.82556176,1321307.4726945285,7278570.470702781,41.242384366583664,41.242384366583664,41.242384366583664,41.242384366583664,41.242384366583664,41.242384366583664,0.0,0.0,0.0,177503853.65098068
34,2024-12-31,4193110.9177875556,14363167.951276913,346635692.263604,336985.79794824444,8203032.124135956,41.146046125249086,41.146046125249086,41.146046125249086,41.146046125249086,41.146046125249086,41.146046125249086,0.0,0.0,0.0,176723046.14935985
35,2025-12-31,4184214.14433716,-26152823.50643198,386968898.9909803,-649424.4638967479,9111358.183649674,41.207069624121914,41.207069624121914,41.207069624121914,41.207069624121914,41.207069624121914,41.207069624121914,0.0,0.0,0.0,176603417.71227422
36,2026-12-31,4175317.3708867636,-69347345.22728054,439885084.29126245,-1659864.912650046,10387955.5205844,41.23919533004977,41.23919533004977,41.23919533004977,41.23919533004977,41.23919533004977,41.23919533004977,0.0,0.0,0.0,176362045.99383587
37,2027-12-31,4166420.597436368,-126735715.2188751,493265507.7195487,-2972825.92450859,11688134.990574317,41.242384366583636,41.242384366583636,41.242384366583636,41.242384366583636,41.242384366583636,41.242384366583636,0.0,0.0,0.0,175999540.3097581
38,2028-12-31,4157499.4492641906,-176686446.4439419,548773121.1059022,-4165129.2843933413,13048047.474228894,41.14604612524899,41.14604612524899,41.14604612524899,41.14604612524899,41.14604612524899,41.14604612524899,0.0,0.0,0.0,175222163.55438587
39,2029-12-31,4148602.675813795,-232268005.8631071,597218610.823272,-5500830.245517125,14161901.096697979,41.20706962412234,41.20706962412234,41.20706962412234,41.20706962412234,41.20706962412234,41.20706962412234,0.0,0.0,0.0,175100361.98089308
40,2030-12-31,4139705.9023633986,-276406222.12788874,648672282.2764537,-6531999.156299999,15351746.30499238,41.23919533004954,41.23919533004954,41.23919533004954,41.23919533004954,41.23919533004954,41.23919533004954,0.0,0.0,0.0,174857846.21888658
41,2031-12-31,4130809.128913003,-324622462.28519076,702240990.7580974,-7710679.208894936,16605926.571072513,41.242384366583806,41.242384366583806,41.242384366583806,41.242384366583806,41.242384366583806,41.242384366583806,0.0,0.0,0.0,174495226.96853632
42,2032-12-31,4121887.9807408256,-393616722.022674,759067370.4512689,-9310900.715020832,18042609.02825256,41.14604612524832,41.14604612524832,41.14604612524832,41.14604612524832,41.14604612524832,41.14604612524832,0.0,0.0,0.0,173721280.9594095
43,2033-12-31,4112991.20729043,-459122670.18770957,816408195.8267468,-10902579.344463073,19358432.059845977,41.20706962412103,41.20706962412103,41.20706962412103,41.20706962412103,41.20706962412103,41.20706962412103,0.0,0.0,0.0,173597306.2495048
44,2034-12-31,4104094.4338400345,-524462352.09852004,883889950.5458457,-12458929.476868916,20917291.942358866,41.2391953300496,41.2391953300496,41.2391953300496,41.2391953300496,41.2391953300496,41.2391953300496,0.0,0.0,0.0,173353646.44393852
