,ds,trend,yhat_lower,yhat_upper,trend_lower,trend_upper,multiplicative_terms,multiplicative_terms_lower,multiplicative_terms_upper,yearly,yearly_lower,yearly_upper,additive_terms,additive_terms_lower,additive_terms_upper,yhat
0,1990-12-31,-160433.20211986382,-692626.7500225347,183771.47624976118,-160433.20211986382,-160433.20211986382,0.5995832841017932,0.5995832841017932,0.5995832841017932,0.5995832841017932,0.5995832841017932,0.5995832841017932,0.0,0.0,0.0,-256626.26832585855
1,1991-12-31,-116656.1414313472,-620239.30829758,301141.815237355,-116656.1414313472,-116656.1414313472,0.5902666331496946,0.5902666331496946,0.5902666331496946,0.5902666331496946,0.5902666331496946,0.5902666331496946,0.0,0.0,0.0,-185514.36927026312
2,1992-12-30,-72879.08071092304,-574396.4574656208,350939.3187603828,-72879.08071092304,-72879.08071092304,0.5806607938606767,0.5806607938606767,0.5806607938606767,0.5806607938606767,0.5806607938606767,0.5806607938606767,0.0,0.0,0.0,-115197.10557236394
3,1993-12-31,-28982.08287437748,-474688.19692976476,375080.6848681349,-28982.08287437748,-28982.08287437748,0.6085994388107774,0.6085994388107774,0.6085994388107774,0.6085994388107774,0.6085994388107774,0.6085994388107774,0.0,0.0,0.0,-46620.562247291055
4,1994-12-31,14794.977823168174,-402323.0122251551,451544.5762127501,14794.977823168174,14794.977823168174,0.5995832841017764,0.5995832841017764,0.5995832841017764,0.5995832841017764,0.5995832841017764,0.5995832841017764,0.0,0.0,0.0,23665.799214596296
5,1995-12-31,58572.038557265274,-316432.8072692406,538723.3207696679,58572.038557265274,58572.038557265274,0.5902666331496981,0.5902666331496981,0.5902666331496981,0.5902666331496981,0.5902666331496981,0.5902666331496981,0.0,0.0,0.0,93145.15855317656
6,1996-12-30,102349.09925868003,-305422.33459114056,635130.1475353672,102349.09925868001,102349.09925868001,0.5806607938606968,0.5806607938606968,0.5806607938606968,0.5806607938606968,0.5806607938606968,0.5806607938606968,0.0,0.0,0.0,161779.20848515243
7,1997-12-31,146246.09711670602,-229555.4590944472,709427.8983368824,146246.09711670602,146246.09711670602,0.6085994388107632,0.6085994388107632,0.6085994388107632,0.6085994388107632,0.6085994388107632,0.6085994388107632,0.0,0.0,0.0,235251.38975019768
8,1998-12-31,190023.15781429547,-117737.87534473269,772223.7142512145,190023.15781429547,190023.15781429547,0.5995832841017749,0.5995832841017749,0.5995832841017749,0.5995832841017749,0.5995832841017749,0.5995832841017749,0.0,0.0,0.0,303957.8668319806
9,1999-12-31,233803.49287779653,-78184.97355111112,803991.6984657616,233803.49287779653,233803.49287779653,0.5902666331496623,0.5902666331496623,0.5902666331496623,0.5902666331496623,0.5902666331496623,0.5902666331496623,0.0,0.0,0.0,371809.89343740453
10,2000-12-30,277587.8575055274,15372.164713698872,865750.3734488243,277587.8575055274,277587.8575055274,0.580660793860734,0.580660793860734,0.580660793860734,0.580660793860734,0.580660793860734,0.580660793860734,0.0,0.0,0.0,438772.24321078724
11,2001-12-31,321492.93835990503,53405.745799398464,960444.2744017546,321492.93835990503,321492.93835990503,0.6085994388108338,0.6085994388108338,0.6085994388108338,0.6085994388108338,0.6085994388108338,0.6085994388108338,0.0,0.0,0.0,517153.3602273892
12,2002-12-31,365282.54935667134,102937.20082540008,1065037.4380415417,365282.54935667134,365282.54935667134,0.5995832841018732,0.5995832841018732,0.5995832841018732,0.5995832841018732,0.5995832841018732,0.5995832841018732,0.0,0.0,0.0,584299.8599250489
13,2003-12-31,409076.0117629934,197358.9628284967,1076250.3727601145,409076.0117629934,409076.0117629934,0.590266633149763,0.590266633149763,0.590266633149763,0.590266633149763,0.590266633149763,0.590266633149763,0.0,0.0,0.0,650539.9319286684
14,2004-12-30,452871.54789580323,250938.63557869755,1168210.9165774144,452871.54789580323,452871.54789580323,0.5806607938606582,0.5806607938606582,0.5806607938606582,0.5806607938606582,0.5806607938606582,0.5806607938606582,0.0,0.0,0.0,715836.3004138854
15,2005-12-31,496787.07183294115,317626.14318460657,1266249.8593882783,496787.07183294115,496787.07183294115,0.6085994388107762,0.6085994388107762,0.6085994388107762,0.6085994388107762,0.6085994388107762,0.6085994388107762,0.0,0.0,0.0,799131.4049589179
16,2006-12-31,540582.6079926613,419759.0008767005,1322622.9034822928,540582.6079926613,540582.6079926613,0.599583284101741,0.599583284101741,0.599583284101741,0.599583284101741,0.599583284101741,0.599583284101741,0.0,0.0,0.0,864706.9034211852
17,2007-12-31,584378.1441849106,508462.60255620687,1430465.8525448174,584378.1441849106,584378.1441849106,0.5902666331496964,0.5902666331496964,0.5902666331496964,0.5902666331496964,0.5902666331496964,0.5902666331496964,0.0,0.0,0.0,929317.0638392055
18,2008-12-30,628173.68036426,544350.6161867145,1434383.4965011699,628173.68036426,628173.68036426,0.5806607938606645,0.5806607938606645,0.5806607938606645,0.5806607938606645,0.5806607938606645,0.5806607938606645,0.0,0.0,0.0,992929.5082869465
19,2009-12-31,672089.2042798941,608804.5495910263,1503563.0365521198,672089.2042798941,672089.2042798941,0.6085994388107748,0.6085994388107748,0.6085994388107748,0.6085994388107748,0.6085994388107748,0.6085994388107748,0.0,0.0,0.0,1081122.3168354179
20,2010-12-31,715884.7404509372,684210.0796359525,1616708.842581025,715884.7404509372,715884.7404509372,0.599583284101751,0.599583284101751,0.599583284101751,0.599583284101751,0.599583284101751,0.599583284101751,0.0,0.0,0.0,1145117.2641688397
21,2011-12-31,759680.2766089091,759929.8862909682,1667474.9485418524,759680.2766089091,759680.2766089091,0.5902666331497163,0.5902666331497163,0.5902666331497163,0.5902666331497163,0.5902666331497163,0.5902666331497163,0.0,0.0,0.0,1208094.1957530952
22,2012-12-30,803475.8127362762,845133.0104216705,1743263.951850571,803475.8127362762,803475.8127362762,0.5806607938606655,0.5806607938606655,0.5806607938606655,0.5806607938606655,0.5806607938606655,0.5806607938606655,0.0,0.0,0.0,1270022.7160075658
23,2013-12-31,847391.3366096109,933680.7838397584,1818558.6230804871,847391.3366096109,847391.3366096109,0.6085994388107582,0.6085994388107582,0.6085994388107582,0.6085994388107582,0.6085994388107582,0.6085994388107582,0.0,0.0,0.0,1363113.2285233184
24,2014-12-31,891186.8727127997,984269.6376901179,1822458.7563643642,891186.8727127997,891186.8727127997,0.5995832841017968,0.5995832841017968,0.5995832841017968,0.5995832841017968,0.5995832841017968,0.5995832841017968,0.0,0.0,0.0,1425527.62460235
25,2015-12-31,934982.4088159887,1082297.580694306,1934799.1580876373,934982.4088159887,934982.4088159887,0.5902666331496388,0.5902666331496388,0.5902666331496388,0.5902666331496388,0.5902666331496388,0.5902666331496388,0.0,0.0,0.0,1486871.3273219413
26,2016-12-30,978777.9449191776,1111141.4033778007,1964004.9141704568,978777.9449191776,978777.9449191776,0.5806607938606423,0.5806607938606423,0.5806607938606423,0.5806607938606423,0.5806607938606423,0.5806607938606423,0.0,0.0,0.0,1547115.9234292351
27,2017-12-31,1022693.4687925123,1210411.5714882528,2101670.2048868216,1022693.4687925123,1022693.4687925123,0.6085994388107635,0.6085994388107635,0.6085994388107635,0.6085994388107635,0.6085994388107635,0.6085994388107635,0.0,0.0,0.0,1645104.1399750684
28,2018-12-31,1066489.004895701,1227114.666473596,2171076.8425079617,1066489.004895701,1066489.004895701,0.599583284101794,0.599583284101794,0.599583284101794,0.599583284101794,0.599583284101794,0.599583284101794,0.0,0.0,0.0,1705937.9849095198
29,2019-12-31,1110284.54099889,1305043.5607877919,2183596.271114611,1110283.1482302123,1110286.027402378,0.590266633149695,0.590266633149695,0.590266633149695,0.590266633149695,0.590266633149695,0.590266633149695,0.0,0.0,0.0,1765648.4588524594
30,2020-12-31,1154200.0648722248,1424479.172653604,2310927.01480365,1154196.1747569405,1154204.3658375836,0.6173040857460323,0.6173040857460323,0.6173040857460323,0.6173040857460323,0.6173040857460323,0.6173040857460323,0.0,0.0,0.0,1866692.4806861847
31,2021-12-31,1197995.6009754136,1493182.2921804965,2392305.431941218,1197987.9666059434,1198002.8883260246,0.6085994388107248,0.6085994388107248,0.6085994388107248,0.6085994388107248,0.6085994388107248,0.6085994388107248,0.0,0.0,0.0,1927095.0514267671
32,2022-12-31,1241791.1370786023,1516416.2908253318,2452492.6517481357,1241779.6963061905,1241801.9783595193,0.5995832841017945,0.5995832841017945,0.5995832841017945,0.5995832841017945,0.5995832841017945,0.5995832841017945,0.0,0.0,0.0,1986348.3452166924
33,2023-12-31,1285586.6731817916,1576843.4263412126,2476972.0174279404,1285570.6847032276,1285601.328100994,0.5902666331496726,0.5902666331496726,0.5902666331496726,0.5902666331496726,0.5902666331496726,0.5902666331496726,0.0,0.0,0.0,2044425.5903828961
34,2024-12-31,1329502.197055126,1693061.7044384931,2605178.8322662394,1329481.5210541144,1329522.3491446392,0.6173040857460752,0.6173040857460752,0.6173040857460752,0.6173040857460752,0.6173040857460752,0.6173040857460752,0.0,0.0,0.0,2150209.335305639
35,2025-12-31,1373297.733158315,1741793.7479590413,2663061.112233513,1373272.5194861528,1373322.7930319048,0.6085994388107607,0.6085994388107607,0.6085994388107607,0.6085994388107607,0.6085994388107607,0.6085994388107607,0.0,0.0,0.0,2209085.9628785555
36,2026-12-31,1417093.269261504,1815124.8172332533,2717347.951289854,1417062.12695602,1417123.651768595,0.5995832841017911,0.5995832841017911,0.5995832841017911,0.5995832841017911,0.5995832841017911,0.5995832841017911,0.0,0.0,0.0,2266758.70552386
37,2027-12-31,1460888.8053646928,1898432.2272759501,2778318.4872850683,1460851.2603624174,1460924.1443278638,0.5902666331496464,0.5902666331496464,0.5902666331496464,0.5902666331496464,0.5902666331496464,0.5902666331496464,0.0,0.0,0.0,2323202.721913319
38,2028-12-31,1504804.3292380273,1979042.8186687776,2869512.3802345255,1504761.0843356939,1504845.6701546586,0.6173040857460843,0.6173040857460843,0.6173040857460843,0.6173040857460843,0.6173040857460843,0.6173040857460843,0.0,0.0,0.0,2433726.1899250573
39,2029-12-31,1548599.8653412166,2037772.080172414,2913333.1424463396,1548549.6052274206,1548646.8752707874,0.6085994388106793,0.6085994388106793,0.6085994388106793,0.6085994388106793,0.6085994388106793,0.6085994388106793,0.0,0.0,0.0,2491076.874330174
40,2030-12-31,1592395.4014444053,2085185.0393490954,2970942.780993772,1592337.5409096219,1592448.30833919,0.599583284101909,0.599583284101909,0.599583284101909,0.599583284101909,0.599583284101909,0.599583284101909,0.0,0.0,0.0,2547169.06583122
41,2031-12-31,1636190.9375475943,2153065.0615940504,3053103.048134696,1636126.261891931,1636249.159960627,0.5902666331497871,0.5902666331497871,0.5902666331497871,0.5902666331497871,0.5902666331497871,0.5902666331497871,0.0,0.0,0.0,2601979.8534440063
42,2032-12-31,1680106.4614209293,2261345.551549019,3138229.2762681264,1680033.8024167786,1680171.9014230934,0.6173040857461609,0.6173040857461609,0.6173040857461609,0.6173040857461609,0.6173040857461609,0.6173040857461609,0.0,0.0,0.0,2717243.0445445934
43,2033-12-31,1723901.9975241183,2310757.6200769213,3240223.2131961044,1723823.2290396215,1723973.568222677,0.6085994388109285,0.6085994388109285,0.6085994388109285,0.6085994388109285,0.6085994388109285,0.6085994388109285,0.0,0.0,0.0,2773067.7857823353
44,2034-12-31,1767697.5336273068,2374327.6667162986,3297372.350896931,1767611.7490130358,1767776.062948709,0.5995832841018791,0.5995832841018791,0.5995832841018791,0.5995832841018791,0.5995832841018791,0.5995832841018791,0.0,0.0,0.0,2827579.426138359
