,ds,trend,yhat_lower,yhat_upper,trend_lower,trend_upper,multiplicative_terms,multiplicative_terms_lower,multiplicative_terms_upper,yearly,yearly_lower,yearly_upper,additive_terms,additive_terms_lower,additive_terms_upper,yhat
0,1990-12-31,207638.4525661195,8998794.89366442,9320179.103352945,207638.4525661195,207638.4525661195,43.1075156934202,43.1075156934202,43.1075156934202,43.1075156934202,43.1075156934202,43.1075156934202,0.0,0.0,0.0,9158416.305117602
1,1991-12-31,208030.02345631667,9082145.144713046,9423734.917235719,208030.02345631667,208030.02345631667,43.452932166984205,43.452932166984205,43.452932166984205,43.452932166984205,43.452932166984205,43.452932166984205,0.0,0.0,0.0,9247544.521399777
2,1992-12-30,203617.76120088875,8914858.398060601,9286317.701774215,203617.76120088875,203617.76120088875,43.76709961179978,43.76709961179978,43.76709961179978,43.76709961179978,43.76709961179978,43.76709961179978,0.0,0.0,0.0,9115376.598411847
3,1993-12-31,169132.0346817366,7210392.435107285,7574692.553418527,169132.0346817366,169132.0346817366,42.731270495242725,42.731270495242725,42.731270495242725,42.731270495242725,42.731270495242725,42.731270495242725,0.0,0.0,0.0,7396358.7580777975
4,1994-12-31,168403.09179444297,7255229.234537105,7608449.648772467,168403.09179444297,168403.09179444297,43.10751569342086,43.10751569342086,43.10751569342086,43.10751569342086,43.10751569342086,43.10751569342086,0.0,0.0,0.0,7427842.014143987
5,1995-12-31,167674.1466437383,7289280.010875466,7626676.185491127,167674.1466437383,167674.1466437383,43.452932166984084,43.452932166984084,43.452932166984084,43.452932166984084,43.452932166984084,43.452932166984084,0.0,0.0,0.0,7453607.46691104
6,1996-12-30,166945.3541577177,7280433.083889755,7633235.67477726,166945.3541577177,166945.3541577177,43.76709961179916,43.76709961179916,43.76709961179916,43.76709961179916,43.76709961179916,43.76709961179916,0.0,0.0,0.0,7473659.299305637
7,1997-12-31,168777.44392315313,7192004.678987156,7560360.460205487,168777.44392315313,168777.44392315313,42.73127049524335,42.73127049524335,42.73127049524335,42.73127049524335,42.73127049524335,42.73127049524335,0.0,0.0,0.0,7380852.053699176
8,1998-12-31,169063.85159029506,7272381.056205332,7623455.079586835,169063.85159029506,169063.85159029506,43.10751569342092,43.10751569342092,43.10751569342092,43.10751569342092,43.10751569342092,43.10751569342092,0.0,0.0,0.0,7456986.487209125
9,1999-12-31,119783.90631580426,5147690.308066714,5491291.896068304,119783.90631580426,119783.90631580426,43.452932166985335,43.452932166985335,43.452932166985335,43.452932166985335,43.452932166985335,43.452932166985335,0.0,0.0,0.0,5324745.862152973
10,2000-12-30,112795.4810675552,4884081.6137053445,5241068.862611772,112795.4810675552,112795.4810675552,43.76709961179802,43.76709961179802,43.76709961179802,43.76709961179802,43.76709961179802,43.76709961179802,0.0,0.0,0.0,5049526.536711921
11,2001-12-31,116938.47729449965,4935822.907133104,5301816.859137807,116938.47729449965,116938.47729449965,42.73127049524023,42.73127049524023,42.73127049524023,42.73127049524023,42.73127049524023,42.73127049524023,0.0,0.0,0.0,5113868.181867273
12,2002-12-31,119752.8735306981,5115304.942407791,5471343.380780552,119752.8735306981,119752.8735306981,43.10751569341705,43.10751569341705,43.10751569341705,43.10751569341705,43.10751569341705,43.10751569341705,0.0,0.0,0.0,5282001.748587053
13,2003-12-31,112697.80881499806,4821254.062277393,5178712.722175097,112697.80881499806,112697.80881499806,43.45293216698182,43.45293216698182,43.45293216698182,43.45293216698182,43.45293216698182,43.45293216698182,0.0,0.0,0.0,5009748.050620594
14,2004-12-30,111407.15439807608,4821633.062824945,5161063.678981092,111407.15439807608,111407.15439807608,43.76709961180035,43.76709961180035,43.76709961180035,43.76709961180035,43.76709961180035,43.76709961180035,0.0,0.0,0.0,4987375.178405893
15,2005-12-31,112582.07171619938,4744429.312133549,5096259.891234161,112582.07171619938,112582.07171619938,42.731270495242775,42.731270495242775,42.731270495242775,42.731270495242775,42.731270495242775,42.731270495242775,0.0,0.0,0.0,4923357.031135936
16,2006-12-31,113987.49314004046,4845154.530575077,5196223.012112382,113987.49314004046,113987.49314004046,43.10751569342224,43.10751569342224,43.10751569342224,43.10751569342224,43.10751569342224,43.10751569342224,0.0,0.0,0.0,5027705.142528195
17,2007-12-31,116680.77279051849,5013061.762612253,5367499.491035431,116680.77279051849,116680.77279051849,43.452932166984134,43.452932166984134,43.452932166984134,43.452932166984134,43.452932166984134,43.452932166984134,0.0,0.0,0.0,5186802.478048206
18,2008-12-30,119364.97342517479,5164899.680673161,5509990.225152382,119364.97342517479,119364.97342517479,43.76709961180015,43.76709961180015,43.76709961180015,43.76709961180015,43.76709961180015,43.76709961180015,0.0,0.0,0.0,5343623.655484677
19,2009-12-31,112984.2092243392,4771899.9080556445,5117975.035172807,112984.2092243392,112984.2092243392,42.73127049524284,42.73127049524284,42.73127049524284,42.73127049524284,42.73127049524284,42.73127049524284,0.0,0.0,0.0,4940943.015280688
20,2010-12-31,113298.59528197866,4812636.605050806,5179154.0494316,113298.59528197866,113298.59528197866,43.10751569342185,43.10751569342185,43.10751569342185,43.10751569342185,43.10751569342185,43.10751569342185,0.0,0.0,0.0,4997319.569442525
21,2011-12-31,112540.67208045829,4823451.977874139,5187879.192741832,112540.67208045829,112540.67208045829,43.452932166983445,43.452932166983445,43.452932166983445,43.452932166983445,43.452932166983445,43.452932166983445,0.0,0.0,0.0,5002762.86201934
22,2012-12-30,113817.74088512197,4902860.706234287,5294194.314610719,113817.74088512197,113817.74088512197,43.76709961180012,43.76709961180012,43.76709961180012,43.76709961180012,43.76709961180012,43.76709961180012,0.0,0.0,0.0,5095290.14379431
23,2013-12-31,114292.76230741535,4811994.487826722,5178985.475929527,114292.76230741535,114292.76230741535,42.731270495243564,42.731270495243564,42.731270495243564,42.731270495243564,42.731270495243564,42.731270495243564,0.0,0.0,0.0,4998167.704114159
24,2014-12-31,114766.48585697022,4876039.700588833,5243086.422558692,114766.48585697022,114766.48585697022,43.10751569342005,43.10751569342005,43.10751569342005,43.10751569342005,43.10751569342005,43.10751569342005,0.0,0.0,0.0,5062064.5760149835
25,2015-12-31,115240.20940652509,4940905.180625896,5311396.108539977,115240.20940652509,115240.20940652509,43.45293216698616,43.45293216698616,43.45293216698616,43.45293216698616,43.45293216698616,43.45293216698616,0.0,0.0,0.0,5122765.21165754
26,2016-12-30,115713.93295607995,4989926.320120336,5357705.397348017,115713.93295607995,115713.93295607995,43.767099611800816,43.767099611800816,43.767099611800816,43.767099611800816,43.767099611800816,43.767099611800816,0.0,0.0,0.0,5180177.163118073
27,2017-12-31,116188.95437837334,4902067.743176034,5265597.347232956,116188.95437837334,116188.95437837334,42.731270495243336,42.731270495243336,42.731270495243336,42.731270495243336,42.731270495243336,42.731270495243336,0.0,0.0,0.0,5081090.592480132
28,2018-12-31,116662.6779279282,4969944.567073108,5317234.085976014,116662.6779279282,116662.6779279282,43.10751569342016,43.10751569342016,43.10751569342016,43.10751569342016,43.10751569342016,43.10751569342016,0.0,0.0,0.0,5145700.897542515
29,2019-12-31,117136.40147748307,4486774.707860363,5973983.106871914,100930.76483804114,133171.3869569156,43.45293216698418,43.45293216698418,43.45293216698418,43.45293216698418,43.45293216698418,43.45293216698418,0.0,0.0,0.0,5207056.509163181
30,2020-12-31,117611.42289977646,3115975.584846089,7121908.078111971,73428.46071692389,162650.47908291293,42.32465446422496,42.32465446422496,42.32465446422496,42.32465446422496,42.32465446422496,42.32465446422496,0.0,0.0,0.0,5095474.25817865
31,2021-12-31,118085.14644933133,1530694.0424543903,8742972.6789138,35694.864368433984,199729.16857423427,42.73127049524503,42.73127049524503,42.73127049524503,42.73127049524503,42.73127049524503,42.73127049524503,0.0,0.0,0.0,5164013.480846331
32,2022-12-31,118558.86999888619,-49459.92474790969,10596802.880186426,-534.945488227679,241119.22987930028,43.10751569342014,43.10751569342014,43.10751569342014,43.10751569342014,43.10751569342014,43.10751569342014,0.0,0.0,0.0,5229337.219070031
33,2023-12-31,119032.59354844106,-1888743.3800275268,12530542.682187367,-43814.59245281761,284982.2540049074,43.45293216698498,43.45293216698498,43.45293216698498,43.45293216698498,43.45293216698498,43.45293216698498,0.0,0.0,0.0,5291347.806669144
34,2024-12-31,119507.61497073444,-4455309.370452419,14734576.445695866,-102000.85947501805,340502.4663091906,42.32465446422289,42.32465446422289,42.32465446422289,42.32465446422289,42.32465446422289,42.32465446422289,0.0,0.0,0.0,5177626.12445046
35,2025-12-31,119981.33852028931,-6419025.136251645,17577038.679103144,-145817.60830313803,401120.5130051542,42.731270495243464,42.731270495243464,42.731270495243464,42.731270495243464,42.731270495243464,42.731270495243464,0.0,0.0,0.0,5246936.369212146
36,2026-12-31,120455.06206984418,-9255430.962179238,20071832.24036103,-206407.8057907254,455356.1312304324,43.107515693420275,43.107515693420275,43.107515693420275,43.107515693420275,43.107515693420275,43.107515693420275,0.0,0.0,0.0,5312973.5405975655
37,2027-12-31,120928.78561939904,-12054143.199524328,22873600.083256815,-273262.38579550735,510773.20329157787,43.4529321669859,43.4529321669859,43.4529321669859,43.4529321669859,43.4529321669859,43.4529321669859,0.0,0.0,0.0,5375639.104175126
38,2028-12-31,121403.80704169243,-14769082.765697796,25248474.849113073,-342482.48705062375,584322.6100967479,42.3246544642224,42.3246544642224,42.3246544642224,42.3246544642224,42.3246544642224,42.3246544642224,0.0,0.0,0.0,5259777.990722454
39,2029-12-31,121877.5305912473,-18768287.761824887,28677909.021731906,-427205.7713812832,654338.5058527329,42.73127049524705,42.73127049524705,42.73127049524705,42.73127049524705,42.73127049524705,42.73127049524705,0.0,0.0,0.0,5329859.257578583
40,2030-12-31,122351.25414080216,-21603422.1000544,32008766.820376858,-486848.0241998035,727119.7312294851,43.107515693415635,43.107515693415635,43.107515693415635,43.107515693415635,43.107515693415635,43.107515693415635,0.0,0.0,0.0,5396609.862124517
41,2031-12-31,122824.97769035703,-24853811.498000395,35903221.854698196,-560942.8463477977,809786.8266739768,43.452932166980986,43.452932166980986,43.452932166980986,43.452932166980986,43.452932166980986,43.452932166980986,0.0,0.0,0.0,5459930.401680394
42,2032-12-31,123299.99911265042,-26789576.814973135,38588969.745154954,-619904.7726904663,889662.4710202154,42.324654464218604,42.324654464218604,42.324654464218604,42.324654464218604,42.324654464218604,42.324654464218604,0.0,0.0,0.0,5341929.856994039
43,2033-12-31,123773.72266220528,-30622047.023671925,42514960.947228104,-702567.5438491161,975205.0333937419,42.73127049523603,42.73127049523603,42.73127049523603,42.73127049523603,42.73127049523603,42.73127049523603,0.0,0.0,0.0,5412782.145943225
44,2034-12-31,124247.44621176015,-35210409.6764922,45970036.34531473,-798204.0295459061,1042165.928094719,43.10751569341682,43.10751569341682,43.10751569341682,43.10751569341682,43.10751569341682,43.10751569341682,0.0,0.0,0.0,5480246.183652174
