,ds,trend,yhat_lower,yhat_upper,trend_lower,trend_upper,multiplicative_terms,multiplicative_terms_lower,multiplicative_terms_upper,yearly,yearly_lower,yearly_upper,additive_terms,additive_terms_lower,additive_terms_upper,yhat
0,1990-12-31,0.0,-1.894554104734767e-09,1.8701812983392797e-09,0.0,0.0,0.0,0.0,0.0,0.0,0.0,0.0,0.0,0.0,0.0,0.0
1,1991-12-31,0.0,-1.9738623628986938e-09,1.8973740437240133e-09,0.0,0.0,0.0,0.0,0.0,0.0,0.0,0.0,0.0,0.0,0.0,0.0
2,1992-12-30,0.0,-2.0559003457624753e-09,2.0514435787895683e-09,0.0,0.0,0.0,0.0,0.0,0.0,0.0,0.0,0.0,0.0,0.0,0.0
3,1993-12-31,0.0,-2.0266914092480254e-09,2.0192476337681175e-09,0.0,0.0,0.0,0.0,0.0,0.0,0.0,0.0,0.0,0.0,0.0,0.0
4,1994-12-31,0.0,-1.98672504265203e-09,1.9543069419193875e-09,0.0,0.0,0.0,0.0,0.0,0.0,0.0,0.0,0.0,0.0,0.0,0.0
5,1995-12-31,0.0,-2.0420138297198715e-09,1.9331127787157435e-09,0.0,0.0,0.0,0.0,0.0,0.0,0.0,0.0,0.0,0.0,0.0,0.0
6,1996-12-30,0.0,-2.0262949902690774e-09,1.8285108229046388e-09,0.0,0.0,0.0,0.0,0.0,0.0,0.0,0.0,0.0,0.0,0.0,0.0
7,1997-12-31,0.0,-1.9196125322511063e-09,1.9637881488571256e-09,0.0,0.0,0.0,0.0,0.0,0.0,0.0,0.0,0.0,0.0,0.0,0.0
8,1998-12-31,0.0,-1.998744823353805e-09,1.8282762546085938e-09,0.0,0.0,0.0,0.0,0.0,0.0,0.0,0.0,0.0,0.0,0.0,0.0
9,1999-12-31,0.0,-1.956287606888145e-09,1.9783027718269394e-09,0.0,0.0,0.0,0.0,0.0,0.0,0.0,0.0,0.0,0.0,0.0,0.0
10,2000-12-30,0.0,-2.0972932824539533e-09,2.06256835616486e-09,0.0,0.0,0.0,0.0,0.0,0.0,0.0,0.0,0.0,0.0,0.0,0.0
11,2001-12-31,0.0,-2.0371195839862184e-09,2.0029231663142306e-09,0.0,0.0,0.0,0.0,0.0,0.0,0.0,0.0,0.0,0.0,0.0,0.0
12,2002-12-31,0.0,-2.090295613879569e-09,2.0327952591297235e-09,0.0,0.0,0.0,0.0,0.0,0.0,0.0,0.0,0.0,0.0,0.0,0.0
13,2003-12-31,0.0,-2.037724816143817e-09,2.006419212783346e-09,0.0,0.0,0.0,0.0,0.0,0.0,0.0,0.0,0.0,0.0,0.0,0.0
14,2004-12-30,0.0,-2.012968076520853e-09,1.9755327424675558e-09,0.0,0.0,0.0,0.0,0.0,0.0,0.0,0.0,0.0,0.0,0.0,0.0
15,2005-12-31,0.0,-1.90720477924546e-09,1.906276631409478e-09,0.0,0.0,0.0,0.0,0.0,0.0,0.0,0.0,0.0,0.0,0.0,0.0
16,2006-12-31,0.0,-1.9746264291559555e-09,2.052024115682099e-09,0.0,0.0,0.0,0.0,0.0,0.0,0.0,0.0,0.0,0.0,0.0,0.0
17,2007-12-31,0.0,-2.08353590527888e-09,2.090068144694792e-09,0.0,0.0,0.0,0.0,0.0,0.0,0.0,0.0,0.0,0.0,0.0,0.0
18,2008-12-30,0.0,-1.945336262188881e-09,1.9268852515856096e-09,0.0,0.0,0.0,0.0,0.0,0.0,0.0,0.0,0.0,0.0,0.0,0.0
19,2009-12-31,0.0,-1.8928214277390057e-09,1.913027315551557e-09,0.0,0.0,0.0,0.0,0.0,0.0,0.0,0.0,0.0,0.0,0.0,0.0
20,2010-12-31,0.0,-1.904226472099073e-09,1.8308961992218005e-09,0.0,0.0,0.0,0.0,0.0,0.0,0.0,0.0,0.0,0.0,0.0,0.0
21,2011-12-31,0.0,-2.0331646094831185e-09,1.843818248599263e-09,0.0,0.0,0.0,0.0,0.0,0.0,0.0,0.0,0.0,0.0,0.0,0.0
22,2012-12-30,0.0,-1.998809010113089e-09,1.8648790997391176e-09,0.0,0.0,0.0,0.0,0.0,0.0,0.0,0.0,0.0,0.0,0.0,0.0
23,2013-12-31,0.0,-1.9291245093950548e-09,2.002258820782416e-09,0.0,0.0,0.0,0.0,0.0,0.0,0.0,0.0,0.0,0.0,0.0,0.0
24,2014-12-31,0.0,-1.9662269467015768e-09,1.8256785602800898e-09,0.0,0.0,0.0,0.0,0.0,0.0,0.0,0.0,0.0,0.0,0.0,0.0
25,2015-12-31,0.0,-1.9762205657614586e-09,1.8747711383185944e-09,0.0,0.0,0.0,0.0,0.0,0.0,0.0,0.0,0.0,0.0,0.0,0.0
26,2016-12-30,0.0,-1.9703960621900367e-09,1.956119624023418e-09,0.0,0.0,0.0,0.0,0.0,0.0,0.0,0.0,0.0,0.0,0.0,0.0
27,2017-12-31,0.0,-2.0472302731363127e-09,1.92350307040628e-09,0.0,0.0,0.0,0.0,0.0,0.0,0.0,0.0,0.0,0.0,0.0,0.0
28,2018-12-31,0.0,-1.945196480928006e-09,1.9567411507196773e-09,0.0,0.0,0.0,0.0,0.0,0.0,0.0,0.0,0.0,0.0,0.0,0.0
29,2019-12-31,0.0,-1.959565915932869e-09,2.069384346147887e-09,-5.708609605572803e-10,7.917016460609468e-10,0.0,0.0,0.0,0.0,0.0,0.0,0.0,0.0,0.0,0.0
30,2020-12-31,0.0,-2.268671923226067e-09,2.605479974031392e-09,-1.7313994241714238e-09,1.8870292349626688e-09,0.0,0.0,0.0,0.0,0.0,0.0,0.0,0.0,0.0,0.0
31,2021-12-31,0.0,-3.5542057936107115e-09,3.606367750161098e-09,-3.3169472084542426e-09,3.4429444381044396e-09,0.0,0.0,0.0,0.0,0.0,0.0,0.0,0.0,0.0,0.0
32,2022-12-31,0.0,-5.021965248863371e-09,5.377646627919299e-09,-4.915121720050557e-09,4.989401066795747e-09,0.0,0.0,0.0,0.0,0.0,0.0,0.0,0.0,0.0,0.0
33,2023-12-31,0.0,-6.5689994126988914e-09,7.11428668537488e-09,-6.6708374130816845e-09,6.973079771699814e-09,0.0,0.0,0.0,0.0,0.0,0.0,0.0,0.0,0.0,0.0
34,2024-12-31,0.0,-9.374935145312251e-09,9.184654563432238e-09,-8.958743362211127e-09,9.105378470688677e-09,0.0,0.0,0.0,0.0,0.0,0.0,0.0,0.0,0.0,0.0
35,2025-12-31,0.0,-1.140939761097219e-08,1.1874068417606465e-08,-1.0852823629714317e-08,1.1476071708973543e-08,0.0,0.0,0.0,0.0,0.0,0.0,0.0,0.0,0.0,0.0
36,2026-12-31,0.0,-1.3124307628000485e-08,1.4302434410519205e-08,-1.3383097001187597e-08,1.446799654949322e-08,0.0,0.0,0.0,0.0,0.0,0.0,0.0,0.0,0.0,0.0
37,2027-12-31,0.0,-1.5790590071301368e-08,1.6600745650961088e-08,-1.6100335816356242e-08,1.704659264988459e-08,0.0,0.0,0.0,0.0,0.0,0.0,0.0,0.0,0.0,0.0
38,2028-12-31,0.0,-1.7953812829788815e-08,2.013850654602521e-08,-1.8276203109521002e-08,1.9360978579244834e-08,0.0,0.0,0.0,0.0,0.0,0.0,0.0,0.0,0.0,0.0
39,2029-12-31,0.0,-2.055335807866755e-08,2.2759803929990577e-08,-2.0484022858731005e-08,2.2128031024603026e-08,0.0,0.0,0.0,0.0,0.0,0.0,0.0,0.0,0.0,0.0
40,2030-12-31,0.0,-2.3436083794784374e-08,2.6408250425119127e-08,-2.304474689249182e-08,2.5986568741911686e-08,0.0,0.0,0.0,0.0,0.0,0.0,0.0,0.0,0.0,0.0
41,2031-12-31,0.0,-2.642959277954428e-08,3.0037382750079547e-08,-2.584488868127007e-08,3.0001469382964936e-08,0.0,0.0,0.0,0.0,0.0,0.0,0.0,0.0,0.0,0.0
42,2032-12-31,0.0,-2.9437028237187443e-08,3.428797527054255e-08,-2.8840250177226688e-08,3.3035924599770075e-08,0.0,0.0,0.0,0.0,0.0,0.0,0.0,0.0,0.0,0.0
43,2033-12-31,0.0,-3.1828749180004364e-08,3.702145027093908e-08,-3.1809058257443504e-08,3.649119754039606e-08,0.0,0.0,0.0,0.0,0.0,0.0,0.0,0.0,0.0,0.0
44,2034-12-31,0.0,-3.55229402840954e-08,4.051695292217346e-08,-3.480537597664824e-08,4.015105910714933e-08,0.0,0.0,0.0,0.0,0.0,0.0,0.0,0.0,0.0,0.0
