,ds,trend,yhat_lower,yhat_upper,trend_lower,trend_upper,multiplicative_terms,multiplicative_terms_lower,multiplicative_terms_upper,yearly,yearly_lower,yearly_upper,additive_terms,additive_terms_lower,additive_terms_upper,yhat
0,1990-12-31,-45546.8143419446,-101099.5564890019,27862.154351596088,-45546.8143419446,-45546.8143419446,-0.18242800950363633,-0.18242800950363633,-0.18242800950363633,-0.18242800950363633,-0.18242800950363633,-0.18242800950363633,0.0,0.0,0.0,-37237.79966231197
1,1991-12-31,-35615.47335771717,-91235.60420100037,34970.468976138494,-35615.47335771717,-35615.47335771717,-0.17976322440448897,-0.17976322440448897,-0.17976322440448897,-0.17976322440448897,-0.17976322440448897,-0.17976322440448897,0.0,0.0,0.0,-29213.12102824176
2,1992-12-30,-25684.1323736296,-87416.91833633429,49433.938148558234,-25684.1323736296,-25684.1323736296,-0.17698692962452733,-0.17698692962452733,-0.17698692962452733,-0.17698692962452733,-0.17698692962452733,-0.17698692962452733,0.0,0.0,0.0,-21138.376644750973
3,1993-12-31,-15725.58223686634,-77943.44492793425,55447.350703691845,-15725.58223686634,-15725.58223686634,-0.18497800673465317,-0.18497800673465317,-0.18497800673465317,-0.18497800673465317,-0.18497800673465317,-0.18497800673465317,0.0,0.0,0.0,-12816.695379948937
4,1994-12-31,-5794.241253333061,-70674.28136180651,61373.764327653604,-5794.241253333061,-5794.241253333061,-0.18242800950363142,-0.18242800950363142,-0.18242800950363142,-0.18242800950363142,-0.18242800950363142,-0.18242800950363142,0.0,0.0,0.0,-4737.209354903684
5,1995-12-31,4137.099730222761,-57540.411260445806,76115.57434768397,4137.099730222761,4137.099730222761,-0.17976322440448989,-0.17976322440448989,-0.17976322440448989,-0.17976322440448989,-0.17976322440448989,-0.17976322440448989,0.0,0.0,0.0,3393.401343034972
6,1996-12-30,14068.440713217835,-55454.21251897255,75751.14427562914,14068.440713217835,14068.440713217835,-0.17698692962453316,-0.17698692962453316,-0.17698692962453316,-0.17698692962453316,-0.17698692962453316,-0.17698692962453316,0.0,0.0,0.0,11578.510586780632
7,1997-12-31,24026.990850541704,-46625.45531906075,80375.5104964073,24026.990850541704,24026.990850541704,-0.1849780067346492,-0.1849780067346492,-0.1849780067346492,-0.1849780067346492,-0.1849780067346492,-0.1849780067346492,0.0,0.0,0.0,19582.525975176846
8,1998-12-31,33958.33183502225,-34981.76825490851,95151.13968891189,33958.33183502225,33958.33183502225,-0.182428009503631,-0.182428009503631,-0.182428009503631,-0.182428009503631,-0.182428009503631,-0.182428009503631,0.0,0.0,0.0,27763.380952295352
9,1999-12-31,43889.67281997368,-31611.811658399212,98378.23646989405,43889.67281997368,43889.67281997368,-0.17976322440447956,-0.17976322440447956,-0.17976322440447956,-0.17976322440447956,-0.17976322440447956,-0.17976322440447956,0.0,0.0,0.0,35999.923715797566
10,2000-12-30,53821.0138046543,-18364.04415459058,109206.40084555675,53821.0138046543,53821.0138046543,-0.17698692962454404,-0.17698692962454404,-0.17698692962454404,-0.17698692962454404,-0.17698692962454404,-0.17698692962454404,0.0,0.0,0.0,44295.39782208834
11,2001-12-31,63779.563943506124,-9971.303006212345,119323.16753077834,63779.563943506124,63779.563943506124,-0.1849780067346691,-0.1849780067346691,-0.1849780067346691,-0.1849780067346691,-0.1849780067346691,-0.1849780067346691,0.0,0.0,0.0,51981.74733482999
12,2002-12-31,73710.90492855448,-5727.584910591251,126578.4289585624,73710.90492855446,73710.90492855446,-0.18242800950365895,-0.18242800950365895,-0.18242800950365895,-0.18242800950365895,-0.18242800950365895,-0.18242800950365895,0.0,0.0,0.0,60263.97126372483
13,2003-12-31,83642.24591453528,8144.586625999606,133179.34303840072,83642.24591453528,83642.24591453528,-0.17976322440450862,-0.17976322440450862,-0.17976322440450862,-0.17976322440450862,-0.17976322440450862,-0.17976322440450862,0.0,0.0,0.0,68606.44609250358
14,2004-12-30,93573.58690150816,10134.53906102122,141751.36307303654,93573.58690150816,93573.58690150816,-0.176986929624522,-0.176986929624522,-0.176986929624522,-0.176986929624522,-0.176986929624522,-0.176986929624522,0.0,0.0,0.0,77012.28506185683
15,2005-12-31,103532.1370423239,22271.10056513256,150906.5569478566,103532.1370423239,103532.1370423239,-0.18497800673465292,-0.18497800673465292,-0.18497800673465292,-0.18497800673465292,-0.18497800673465292,-0.18497800673465292,0.0,0.0,0.0,84380.9686992559
16,2006-12-31,113463.48066380921,31236.704667459187,157330.56483427197,113463.48066380921,113463.48066380921,-0.18242800950362117,-0.18242800950362117,-0.18242800950362117,-0.18242800950362117,-0.18242800950362117,-0.18242800950362117,0.0,0.0,0.0,92764.56373495789
17,2007-12-31,123394.82428717404,39491.1410589102,168166.62184306205,123394.82428717404,123394.82428717404,-0.17976322440448947,-0.17976322440448947,-0.17976322440448947,-0.17976322440448947,-0.17976322440448947,-0.17976322440448947,0.0,0.0,0.0,101212.97279848623
18,2008-12-30,133326.1679111388,49628.946839815166,173309.654531651,133326.1679111388,133326.1679111388,-0.17698692962452386,-0.17698692962452386,-0.17698692962452386,-0.17698692962452386,-0.17698692962452386,-0.17698692962452386,0.0,0.0,0.0,109729.17881394262
19,2009-12-31,143284.7206963546,47370.960547897164,179043.77737294135,143284.7206963546,143284.7206963546,-0.18497800673465253,-0.18497800673465253,-0.18497800673465253,-0.18497800673465253,-0.18497800673465253,-0.18497800673465253,0.0,0.0,0.0,116780.19866641152
20,2010-12-31,153216.06432138785,61034.85714243663,188261.5523739151,153216.06432138785,153216.06432138785,-0.1824280095036241,-0.1824280095036241,-0.1824280095036241,-0.1824280095036241,-0.1824280095036241,-0.1824280095036241,0.0,0.0,0.0,125265.16268325782
21,2011-12-31,163147.4079466967,70546.45861530397,201035.76664181083,163147.4079466967,163147.4079466967,-0.1797632244044952,-0.1797632244044952,-0.1797632244044952,-0.1797632244044952,-0.1797632244044952,-0.1797632244044952,0.0,0.0,0.0,133819.50384096295
22,2012-12-30,173078.75157250627,77609.2657270885,206439.7787629607,173078.75157250627,173078.75157250627,-0.176986929624524,-0.176986929624524,-0.176986929624524,-0.176986929624524,-0.176986929624524,-0.176986929624524,0.0,0.0,0.0,142446.07474844262
23,2013-12-31,183037.30435857674,81994.49146780472,217505.47428949064,183037.30435857674,183037.30435857674,-0.18497800673464776,-0.18497800673464776,-0.18497800673464776,-0.18497800673464776,-0.18497800673464776,-0.18497800673464776,0.0,0.0,0.0,149179.42864024415
24,2014-12-31,192968.64798402952,92929.58755023737,223799.58001742075,192968.64798402952,192968.64798402952,-0.18242800950363736,-0.18242800950363736,-0.18242800950363736,-0.18242800950363736,-0.18242800950363736,-0.18242800950363736,0.0,0.0,0.0,157765.76163569494
25,2015-12-31,202899.99160948236,102091.03388565,238291.97594241303,202899.99160948236,202899.99160948236,-0.1797632244044728,-0.1797632244044728,-0.1797632244044728,-0.1797632244044728,-0.1797632244044728,-0.1797632244044728,0.0,0.0,0.0,166426.03488612134
26,2016-12-30,212831.33523493513,116635.9288719454,233982.40129320047,212831.3352349351,212831.3352349351,-0.17698692962451756,-0.17698692962451756,-0.17698692962451756,-0.17698692962451756,-0.17698692962451756,-0.17698692962451756,0.0,0.0,0.0,175162.97068381758
27,2017-12-31,222789.88802100567,121943.48431242407,249597.9640547631,222789.88802100567,222789.88802100567,-0.1849780067346493,-0.1849780067346493,-0.1849780067346493,-0.1849780067346493,-0.1849780067346493,-0.1849780067346493,0.0,0.0,0.0,181578.6586142443
28,2018-12-31,232721.23164645844,121038.86019164447,257451.17155776545,232721.23164645844,232721.23164645844,-0.18242800950363658,-0.18242800950363658,-0.18242800950363658,-0.18242800950363658,-0.18242800950363658,-0.18242800950363658,0.0,0.0,0.0,190266.3605879603
29,2019-12-31,242652.57527191122,138933.4578847806,265897.03331535414,242652.57492034626,242652.57559050823,-0.17976322440448914,-0.17976322440448914,-0.17976322440448914,-0.17976322440448914,-0.17976322440448914,-0.17976322440448914,0.0,0.0,0.0,199032.56593097947
30,2020-12-31,252611.12805798175,136094.02615916872,270212.68403874396,252611.12714101985,252611.12902047913,-0.18741006931986753,-0.18741006931986753,-0.18741006931986753,-0.18741006931986753,-0.18741006931986753,-0.18741006931986753,0.0,0.0,0.0,205269.25903766547
31,2021-12-31,262542.4716834345,145081.64507846942,281647.5754450124,262542.4700551573,262542.4735292348,-0.1849780067346382,-0.1849780067346382,-0.1849780067346382,-0.1849780067346382,-0.1849780067346382,-0.1849780067346382,0.0,0.0,0.0,213977.8885882476
32,2022-12-31,272473.8153088873,155665.5253291692,288839.8829487745,272473.8128218361,272473.81793733686,-0.18242800950363655,-0.18242800950363655,-0.18242800950363655,-0.18242800950363655,-0.18242800950363655,-0.18242800950363655,0.0,0.0,0.0,222766.95954022548
33,2023-12-31,282405.1589343401,163459.4058111177,299789.85564366763,282405.15547670267,282405.1624903336,-0.1797632244044824,-0.1797632244044824,-0.1797632244044824,-0.1797632244044824,-0.1797632244044824,-0.1797632244044824,0.0,0.0,0.0,231639.0969758428
34,2024-12-31,292363.7117204106,176229.9139407244,300657.51077624684,292363.7069944851,292363.7165020442,-0.18741006931987944,-0.18741006931987944,-0.18741006931987944,-0.18741006931987944,-0.18741006931987944,-0.18741006931987944,0.0,0.0,0.0,237571.8082402712
35,2025-12-31,302295.0553458634,181963.65913066154,309591.0773510251,302295.0494384396,302295.0614515715,-0.18497800673464854,-0.18497800673464854,-0.18497800673464854,-0.18497800673464854,-0.18497800673464854,-0.18497800673464854,0.0,0.0,0.0,246377.11856224533
36,2026-12-31,312226.39897131623,189075.8488520221,317612.15977962344,312226.3918061322,312226.4062961694,-0.1824280095036358,-0.1824280095036358,-0.1824280095036358,-0.1824280095036358,-0.1824280095036358,-0.1824280095036358,0.0,0.0,0.0,255267.55849249096
37,2027-12-31,322157.742596769,203284.96976101227,331083.0136898915,322157.73383402836,322157.751322544,-0.17976322440447476,-0.17976322440447476,-0.17976322440447476,-0.17976322440447476,-0.17976322440447476,-0.17976322440447476,0.0,0.0,0.0,264245.628020707
38,2028-12-31,332116.29538283945,206168.85714192616,336692.66012898216,332116.28536697215,332116.3054044099,-0.18741006931988188,-0.18741006931988188,-0.18741006931988188,-0.18741006931988188,-0.18741006931988188,-0.18741006931988188,0.0,0.0,0.0,269874.3574428791
39,2029-12-31,342047.6390082923,214092.7553785966,342970.0294573589,342047.6273901804,342047.650320747,-0.18497800673462564,-0.18497800673462564,-0.18497800673462564,-0.18497800673462564,-0.18497800673462564,-0.18497800673462564,0.0,0.0,0.0,278776.3485362536
40,2030-12-31,351978.98263374506,223219.73949456066,352028.6536322396,351978.9695163027,351978.99573441304,-0.18242800950366903,-0.18242800950366903,-0.18242800950366903,-0.18242800950366903,-0.18242800950366903,-0.18242800950366903,0.0,0.0,0.0,287768.1574447445
41,2031-12-31,361910.32625919784,231350.43220825773,356206.7491530499,361910.3117065039,361910.34092885646,-0.17976322440451548,-0.17976322440451548,-0.17976322440451548,-0.17976322440451548,-0.17976322440451548,-0.17976322440451548,0.0,0.0,0.0,296852.1590655542
42,2032-12-31,371868.87904526835,233374.66059448896,365592.6708505554,371868.862679386,371868.8953985655,-0.18741006931990312,-0.18741006931990312,-0.18741006931990312,-0.18741006931990312,-0.18741006931990312,-0.18741006931990312,0.0,0.0,0.0,302176.90664547996
43,2033-12-31,381800.2226707211,251863.08998938542,371378.3589394044,381800.2045201501,381800.2412034217,-0.1849780067346956,-0.1849780067346956,-0.1849780067346956,-0.1849780067346956,-0.1849780067346956,-0.1849780067346956,0.0,0.0,0.0,311175.5785102282
44,2034-12-31,391731.5662961739,261509.26552528917,381577.4882344266,391731.54667597415,391731.5862140031,-0.1824280095036607,-0.1824280095036607,-0.1824280095036607,-0.1824280095036607,-0.1824280095036607,-0.1824280095036607,0.0,0.0,0.0,320268.75639701163
