,ds,trend,yhat_lower,yhat_upper,trend_lower,trend_upper,multiplicative_terms,multiplicative_terms_lower,multiplicative_terms_upper,yearly,yearly_lower,yearly_upper,additive_terms,additive_terms_lower,additive_terms_upper,yhat
0,1990-12-31,558629.481305362,22821563.21190759,23029160.83056442,558629.481305362,558629.481305362,40.03468916263031,40.03468916263031,40.03468916263031,40.03468916263031,40.03468916263031,40.03468916263031,0.0,0.0,0.0,22923187.12244693
1,1991-12-31,534037.4440762933,21951135.58864977,22163189.158235442,534037.4440762933,534037.4440762933,40.309117497802234,40.309117497802234,40.309117497802234,40.309117497802234,40.309117497802234,40.309117497802234,0.0,0.0,0.0,22060615.52557359
2,1992-12-30,528557.5798279414,21862255.30282251,22074700.50329405,528557.5798279414,528557.5798279414,40.55326552977375,40.55326552977375,40.55326552977375,40.55326552977375,40.55326552977375,40.55326552977375,0.0,0.0,0.0,21963293.462365035
3,1993-12-31,601050.7261610929,24374107.151723817,24590209.752192345,601050.7261610929,601050.7261610929,39.730314435209266,39.730314435209266,39.730314435209266,39.730314435209266,39.730314435209266,39.730314435209266,0.0,0.0,0.0,24480985.068052173
4,1994-12-31,567197.5204933241,23160491.0384788,23378014.13338608,567197.5204933241,567197.5204933241,40.03468916263085,40.03468916263085,40.03468916263085,40.03468916263085,40.03468916263085,40.03468916263085,0.0,0.0,0.0,23274773.947258495
5,1995-12-31,566203.7469928233,23273285.703921836,23495495.001476873,566203.7469928233,566203.7469928233,40.30911749780214,40.30911749780214,40.30911749780214,40.30911749780214,40.30911749780214,40.30911749780214,0.0,0.0,0.0,23389377.112222373
6,1996-12-30,562845.9635549267,23276026.603788003,23497743.255657636,562845.9635549267,562845.9635549267,40.55326552977328,40.55326552977328,40.55326552977328,40.55326552977328,40.55326552977328,40.55326552977328,0.0,0.0,0.0,23388087.775958963
7,1997-12-31,559478.9799891206,22690530.19744875,22893729.757000353,559478.9799891206,559478.9799891206,39.73031443520978,39.73031443520978,39.73031443520978,39.73031443520978,39.73031443520978,39.73031443520978,0.0,0.0,0.0,22787754.77484732
8,1998-12-31,520912.3413593751,21272375.535387695,21493249.600490674,520912.3413593751,520912.3413593751,40.03468916263089,40.03468916263089,40.03468916263089,40.03468916263089,40.03468916263089,40.03468916263089,0.0,0.0,0.0,21375476.00866023
9,1999-12-31,475278.4091066001,19526476.787568055,19746966.335597783,475278.4091066001,475278.4091066001,40.30911749780312,40.30911749780312,40.30911749780312,40.30911749780312,40.30911749780312,40.30911749780312,0.0,0.0,0.0,19633331.645953484
10,2000-12-30,471089.4068718517,19461549.74303807,19684379.89604997,471089.4068718517,471089.4068718517,40.5532655297724,40.5532655297724,40.5532655297724,40.5532655297724,40.5532655297724,40.5532655297724,0.0,0.0,0.0,19575303.212009043
11,2001-12-31,474413.39286347217,19214988.389826216,19430218.253000516,474413.39286347217,474413.39286347217,39.730314435207234,39.730314435207234,39.730314435207234,39.730314435207234,39.730314435207234,39.730314435207234,0.0,0.0,0.0,19323006.66360272
12,2002-12-31,455135.84091809514,18567411.710110966,18788816.17786445,455135.84091809514,455135.84091809514,40.034689162627785,40.034689162627785,40.034689162627785,40.034689162627785,40.034689162627785,40.034689162627785,0.0,0.0,0.0,18676357.758845244
13,2003-12-31,437926.0340660063,17983653.058706034,18199823.552959505,437926.0340660063,437926.0340660063,40.30911749780036,40.30911749780036,40.30911749780036,40.30911749780036,40.30911749780036,40.30911749780036,0.0,0.0,0.0,18090337.996578377
14,2004-12-30,431410.96563045774,17824272.15991998,18039827.459798407,431410.96563045774,431410.96563045774,40.55326552977418,40.55326552977418,40.55326552977418,40.55326552977418,40.55326552977418,40.55326552977418,0.0,0.0,0.0,17926534.40729869
15,2005-12-31,412909.41434835363,16710380.564437186,16927312.539198928,412909.41434835363,412909.41434835363,39.73031443520931,39.73031443520931,39.73031443520931,39.73031443520931,39.73031443520931,39.73031443520931,0.0,0.0,0.0,16817930.27966657
16,2006-12-31,386490.01246080536,15747240.480627522,15967718.360906526,386490.01246080536,386490.01246080536,40.034689162631956,40.034689162631956,40.034689162631956,40.034689162631956,40.034689162631956,40.034689162631956,0.0,0.0,0.0,15859497.5257909
17,2007-12-31,358839.7192779951,14714622.538876057,14928621.206338048,358839.7192779951,358839.7192779951,40.309117497802184,40.309117497802184,40.309117497802184,40.309117497802184,40.309117497802184,40.309117497802184,0.0,0.0,0.0,14823352.126533052
18,2008-12-30,340871.53255630063,14059082.848751293,14278806.158898145,340871.53255630063,340871.53255630063,40.55326552977404,40.55326552977404,40.55326552977404,40.55326552977404,40.55326552977404,40.55326552977404,0.0,0.0,0.0,14164325.303852975
19,2009-12-31,346131.10002122336,13990568.423501464,14211597.600632148,346131.10002122336,346131.10002122336,39.73031443520936,39.73031443520936,39.73031443520936,39.73031443520936,39.73031443520936,39.73031443520936,0.0,0.0,0.0,14098028.539669327
20,2010-12-31,331519.8521919827,13488397.877691919,13710642.976587826,331519.8521919827,331519.8521919827,40.03468916263164,40.03468916263164,40.03468916263164,40.03468916263164,40.03468916263164,40.03468916263164,0.0,0.0,0.0,13603814.085939595
21,2011-12-31,331300.657011228,13577342.149930228,13796303.066436516,331300.657011228,331300.657011228,40.30911749780164,40.30911749780164,40.30911749780164,40.30911749780164,40.30911749780164,40.30911749780164,0.0,0.0,0.0,13685737.767575696
22,2012-12-30,308178.5210882536,12696363.01394646,12913952.154936368,308178.5210882536,308178.5210882536,40.553265529774016,40.553265529774016,40.553265529774016,40.553265529774016,40.553265529774016,40.553265529774016,0.0,0.0,0.0,12805823.917353263
23,2013-12-31,296729.7085585394,11972878.902699642,12198850.101560352,296729.7085585394,296729.7085585394,39.73031443520996,39.73031443520996,39.73031443520996,39.73031443520996,39.73031443520996,39.73031443520996,0.0,0.0,0.0,12085894.331857523
24,2014-12-31,285312.1769373764,11600134.911273118,11807476.85384694,285312.1769373764,285312.1769373764,40.034689162630194,40.034689162630194,40.034689162630194,40.034689162630194,40.034689162630194,40.034689162630194,0.0,0.0,0.0,11707696.494938588
25,2015-12-31,273894.64531621325,11208830.720595183,11427847.438192956,273894.64531621325,273894.64531621325,40.30911749780377,40.30911749780377,40.30911749780377,40.30911749780377,40.30911749780377,40.30911749780377,0.0,0.0,0.0,11314346.085386742
26,2016-12-30,262477.11369505024,10787050.20686271,11016082.036304986,262477.11369505024,262477.11369505024,40.55326552977455,40.55326552977455,40.55326552977455,40.55326552977455,40.55326552977455,40.55326552977455,0.0,0.0,0.0,10906781.200859247
27,2017-12-31,251028.301165336,10113661.11450798,10329707.577066451,251028.301165336,251028.301165336,39.73031443520977,39.73031443520977,39.73031443520977,39.73031443520977,39.73031443520977,39.73031443520977,0.0,0.0,0.0,10224461.63860067
28,2018-12-31,239610.76954417294,9726773.009815585,9937943.708338633,239610.76954417294,239610.76954417294,40.034689162630286,40.034689162630286,40.034689162630286,40.034689162630286,40.034689162630286,40.034689162630286,0.0,0.0,0.0,9832353.448263777
29,2019-12-31,228193.23792300993,8017291.278021066,11066596.013651764,194118.95718623593,266616.15524554293,40.30911749780222,40.30911749780222,40.30911749780222,40.30911749780222,40.30911749780222,40.30911749780222,0.0,0.0,0.0,9426461.277565554
30,2020-12-31,216744.42539329568,4876881.95808958,12855672.813658353,122640.10912365926,318315.54943706014,39.39636445588437,39.39636445588437,39.39636445588437,39.39636445588437,39.39636445588437,39.39636445588437,0.0,0.0,0.0,8755686.801968811
31,2021-12-31,205326.89377213264,1028675.0610291081,15612029.80773773,24025.071172955817,384582.0834649095,39.730314435211156,39.730314435211156,39.730314435211156,39.730314435211156,39.730314435211156,39.730314435211156,0.0,0.0,0.0,8363028.945344161
32,2022-12-31,193909.36215096957,-3752100.080695887,19152937.422570724,-92329.82677198405,467207.86250317143,40.03468916263027,40.03468916263027,40.03468916263027,40.03468916263027,40.03468916263027,40.03468916263027,0.0,0.0,0.0,7957010.401588939
33,2023-12-31,182491.83052980647,-8031609.516739348,23175202.14838672,-195371.81495795635,561320.8653353017,40.309117497802845,40.309117497802845,40.309117497802845,40.309117497802845,40.309117497802845,40.309117497802845,0.0,0.0,0.0,7538576.469744899
34,2024-12-31,171043.01800009233,-12298599.003436446,26085281.185321324,-304514.43417973025,646396.9564559343,39.39636445588263,39.39636445588263,39.39636445588263,39.39636445588263,39.39636445588263,39.39636445588263,0.0,0.0,0.0,6909516.092765823
35,2025-12-31,159625.48637892926,-18116847.950891133,30262065.075439546,-443811.71512904635,741972.8329400382,39.73031443520987,39.73031443520987,39.73031443520987,39.73031443520987,39.73031443520987,39.73031443520987,0.0,0.0,0.0,6501596.252087099
36,2026-12-31,148207.9547577661,-24307767.365287382,35626848.876101695,-590675.1130833104,866897.9082212768,40.03468916263038,40.03468916263038,40.03468916263038,40.03468916263038,40.03468916263038,40.03468916263038,0.0,0.0,0.0,6081667.354914118
37,2027-12-31,136790.42313660312,-31514947.110994156,41447447.88730147,-761699.8894332359,1003695.9154572656,40.30911749780356,40.30911749780356,40.30911749780356,40.30911749780356,40.30911749780356,40.30911749780356,0.0,0.0,0.0,5650691.661924205
38,2028-12-31,125341.61060688892,-37385779.36456382,45728244.67525796,-923612.257820225,1132008.1594592093,39.396364455882235,39.396364455882235,39.396364455882235,39.396364455882235,39.396364455882235,39.396364455882235,0.0,0.0,0.0,5063345.383563159
39,2029-12-31,113924.07898572585,-45340785.57551921,52469676.84527116,-1112418.6381650278,1290523.131666844,39.730314435212804,39.730314435212804,39.730314435212804,39.730314435212804,39.730314435212804,39.730314435212804,0.0,0.0,0.0,4640163.558830633
40,2030-12-31,102506.54736456276,-52725538.21330052,58599578.190184504,-1283597.228587858,1429693.227839064,40.03468916262665,40.03468916262665,40.03468916262665,40.03468916262665,40.03468916262665,40.03468916262665,0.0,0.0,0.0,4206324.308238899
41,2031-12-31,91089.01574339978,-61171800.22581086,67384774.72493905,-1481360.6861556557,1631467.771088944,40.309117497799704,40.309117497799704,40.309117497799704,40.309117497799704,40.309117497799704,40.309117497799704,0.0,0.0,0.0,3762806.854103029
42,2032-12-31,79640.2032136855,-69591006.2377471,72642622.31200054,-1722639.0872505144,1797307.0941966157,39.39636445587911,39.39636445587911,39.39636445587911,39.39636445587911,39.39636445587911,39.39636445587911,0.0,0.0,0.0,3217174.674360314
43,2033-12-31,68222.67159252241,-78334459.23242606,82622665.32096145,-1921273.1764723074,2028522.1181898317,39.730314435203816,39.730314435203816,39.730314435203816,39.730314435203816,39.730314435203816,39.730314435203816,0.0,0.0,0.0,2778730.865573085
44,2034-12-31,56805.13997135943,-85164421.39370774,91330807.00283544,-2074338.2392074175,2225690.8258827664,40.03468916262759,40.03468916262759,40.03468916262759,40.03468916262759,40.03468916262759,40.03468916262759,0.0,0.0,0.0,2330981.2615642864
