,ds,trend,yhat_lower,yhat_upper,trend_lower,trend_upper,multiplicative_terms,multiplicative_terms_lower,multiplicative_terms_upper,yearly,yearly_lower,yearly_upper,additive_terms,additive_terms_lower,additive_terms_upper,yhat
0,1990-12-31,56205.20317634269,2425516.7352935756,2482276.6284572403,56205.20317634269,56205.20317634269,42.64726176922403,42.64726176922403,42.64726176922403,42.64726176922403,42.64726176922403,42.64726176922403,0.0,0.0,0.0,2453203.2158302516
1,1991-12-31,54843.2076102153,2397570.8875254043,2455403.620300375,54843.2076102153,54843.2076102153,43.231745113615226,43.231745113615226,43.231745113615226,43.231745113615226,43.231745113615226,43.231745113615226,0.0,0.0,0.0,2425810.780228126
2,1992-12-30,52755.815566829224,2331151.5452927626,2395008.6524021653,52755.81556682922,52755.81556682922,43.78479368791167,43.78479368791167,43.78479368791167,43.78479368791167,43.78479368791167,43.78479368791167,0.0,0.0,0.0,2362658.3159979656
3,1993-12-31,49564.87397373327,2103118.6182524795,2162808.2930639624,49564.87397373327,49564.87397373327,42.03205483497358,42.03205483497358,42.03205483497358,42.03205483497358,42.03205483497358,42.03205483497358,0.0,0.0,0.0,2132878.374726245
4,1994-12-31,51610.256597621454,2224421.775962909,2282089.4895875906,51610.256597621454,51610.256597621454,42.647261769225125,42.647261769225125,42.647261769225125,42.647261769225125,42.647261769225125,42.647261769225125,0.0,0.0,0.0,2252646.379693262
5,1995-12-31,49862.04603671187,2178118.5239306777,2237239.0832702247,49862.04603671187,49862.04603671187,43.23174511361502,43.23174511361502,43.23174511361502,43.23174511361502,43.23174511361502,43.23174511361502,0.0,0.0,0.0,2205485.3111391775
6,1996-12-30,48113.833113302426,2126334.6407949654,2184450.808537013,48113.833113302426,48113.833113302426,43.78479368791055,43.78479368791055,43.78479368791055,43.78479368791055,43.78479368791055,43.78479368791055,0.0,0.0,0.0,2154768.089513808
7,1997-12-31,48349.130340671225,2050286.6946171361,2109714.8429182894,48349.130340671225,48349.130340671225,42.03205483497459,42.03205483497459,42.03205483497459,42.03205483497459,42.03205483497459,42.03205483497459,0.0,0.0,0.0,2080562.4280430977
8,1998-12-31,45468.8420639117,1954284.4681549408,2012655.2120683484,45468.8420639117,45468.8420639117,42.647261769225224,42.647261769225224,42.647261769225224,42.647261769225224,42.647261769225224,42.647261769225224,0.0,0.0,0.0,1984590.451907113
9,1999-12-31,38609.21829901379,1677836.1025322466,1737216.6092312236,38609.21829901379,38609.21829901379,43.231745113617166,43.231745113617166,43.231745113617166,43.231745113617166,43.231745113617166,43.231745113617166,0.0,0.0,0.0,1707753.1028379817
10,2000-12-30,40131.12205590262,1767482.4519113065,1827314.8786895385,40131.12205590262,40131.12205590262,43.784793687908504,43.784793687908504,43.784793687908504,43.784793687908504,43.784793687908504,43.784793687908504,0.0,0.0,0.0,1797264.0217378733
11,2001-12-31,38421.69748600933,1624113.4722809768,1683452.8524934447,38421.69748600933,38421.69748600933,42.03205483496957,42.03205483496957,42.03205483496957,42.03205483496957,42.03205483496957,42.03205483496957,0.0,0.0,0.0,1653364.5930705662
12,2002-12-31,36680.62384399389,1571267.356005828,1629292.1066166775,36680.62384399389,36680.62384399389,42.647261769218794,42.647261769218794,42.647261769218794,42.647261769218794,42.647261769218794,42.647261769218794,0.0,0.0,0.0,1601008.7907770497
13,2003-12-31,35811.48497312703,1552886.0204051428,1615396.6222140212,35811.48497312703,35811.48497312703,43.23174511361111,43.23174511361111,43.23174511361111,43.23174511361111,43.23174511361111,43.23174511361111,0.0,0.0,0.0,1584004.4754712693
14,2004-12-30,36967.65124205605,1624602.8267450617,1686359.249504967,36967.65124205605,36967.65124205605,43.784793687912675,43.784793687912675,43.784793687912675,43.784793687912675,43.784793687912675,43.784793687912675,0.0,0.0,0.0,1655588.6340021887
15,2005-12-31,38132.35402590451,1612685.5891701593,1670873.542519523,38132.35402590451,38132.35402590451,42.032054834973664,42.032054834973664,42.032054834973664,42.032054834973664,42.032054834973664,42.032054834973664,0.0,0.0,0.0,1640913.5494293517
16,2006-12-31,39502.58088950554,1693822.1465126784,1755464.6343081319,39502.58088950554,39502.58088950554,42.647261769227434,42.647261769227434,42.647261769227434,42.647261769227434,42.647261769227434,42.647261769227434,0.0,0.0,0.0,1724179.4886443294
17,2007-12-31,40011.79213766954,1740562.1603229425,1798537.3673872417,40011.79213766954,40011.79213766954,43.23174511361511,43.23174511361511,43.23174511361511,43.23174511361511,43.23174511361511,43.23174511361511,0.0,0.0,0.0,1769791.3913723482
18,2008-12-30,37859.22289751842,1664904.035890807,1723297.423518119,37859.22289751842,37859.22289751842,43.78479368791233,43.78479368791233,43.78479368791233,43.78479368791233,43.78479368791233,43.78479368791233,0.0,0.0,0.0,1695517.4866500488
19,2009-12-31,32685.071108555578,1377498.0576306446,1435320.023635219,32685.071108555578,32685.071108555578,42.03205483497376,42.03205483497376,42.03205483497376,42.03205483497376,42.03205483497376,42.03205483497376,0.0,0.0,0.0,1406505.7722283802
20,2010-12-31,38992.63109572743,1672716.3240434693,1729322.8310359379,38992.63109572743,38992.63109572743,42.647261769226795,42.647261769226795,42.647261769226795,42.647261769226795,42.647261769226795,42.647261769226795,0.0,0.0,0.0,1701921.5765061078
21,2011-12-31,39235.67911812759,1705027.992085906,1763651.4152470664,39235.67911812759,39235.67911812759,43.231745113613925,43.231745113613925,43.231745113613925,43.231745113613925,43.231745113613925,43.231745113613925,0.0,0.0,0.0,1735462.558112564
22,2012-12-30,36263.633793560584,1593274.634327754,1651439.0551901911,36263.633793560584,36263.633793560584,43.7847936879123,43.7847936879123,43.7847936879123,43.7847936879123,43.7847936879123,43.7847936879123,0.0,0.0,0.0,1624059.3578186152
23,2013-12-31,36044.326108513684,1520607.04821151,1581225.6473926974,36044.326108513684,36044.326108513684,42.03205483497493,42.03205483497493,42.03205483497493,42.03205483497493,42.03205483497493,42.03205483497493,0.0,0.0,0.0,1551061.4175912794
24,2014-12-31,35825.61762479205,1533419.695059772,1591439.4479044795,35825.61762479205,35825.61762479205,42.647261769223775,42.647261769223775,42.647261769223775,42.647261769223775,42.647261769223775,42.647261769223775,0.0,0.0,0.0,1563690.1105134157
25,2015-12-31,35606.90914107042,1543607.0125590248,1605338.3857320638,35606.90914107042,35606.90914107042,43.231745113618594,43.231745113618594,43.231745113618594,43.231745113618594,43.231745113618594,43.231745113618594,0.0,0.0,0.0,1574955.7294116027
26,2016-12-30,35388.20065734878,1556613.2145763463,1612504.2702249559,35388.20065734878,35388.20065734878,43.784793687913535,43.784793687913535,43.784793687913535,43.784793687913535,43.784793687913535,43.784793687913535,0.0,0.0,0.0,1584853.2654258513
27,2017-12-31,35168.89297230189,1483650.313898657,1542113.286194981,35168.89297230189,35168.89297230189,42.03205483497457,42.03205483497457,42.03205483497457,42.03205483497457,42.03205483497457,42.03205483497457,0.0,0.0,0.0,1513389.7308694469
28,2018-12-31,34950.18448858025,1497191.197505588,1556167.0138467355,34950.18448858025,34950.18448858025,42.64726176922397,42.64726176922397,42.64726176922397,42.64726176922397,42.64726176922397,42.64726176922397,0.0,0.0,0.0,1525479.8512557333
29,2019-12-31,34731.47600485862,1342652.3939392339,1768247.9981597464,30256.6996497818,39952.51001713922,43.2317451136152,43.2317451136152,43.2317451136152,43.2317451136152,43.2317451136152,43.2317451136152,0.0,0.0,0.0,1536233.7940665486
30,2020-12-31,34512.16831981172,918806.0884056181,2013509.020950906,21570.60754553248,47422.75960162091,41.38687307277043,41.38687307277043,41.38687307277043,41.38687307277043,41.38687307277043,41.38687307277043,0.0,0.0,0.0,1462862.898037948
31,2021-12-31,34293.45983609008,505660.8296876167,2459073.1974287797,11747.342938202453,57072.088838757685,42.0320548349773,42.0320548349773,42.0320548349773,42.0320548349773,42.0320548349773,42.0320548349773,0.0,0.0,0.0,1475718.0441477199
32,2022-12-31,34074.75135236845,-91742.81758399376,3123883.942933822,-1885.8782665095328,71653.36935056523,42.64726176922393,42.64726176922393,42.64726176922393,42.64726176922393,42.64726176922393,42.64726176922393,0.0,0.0,0.0,1487269.5919980428
33,2023-12-31,33856.042868646815,-812524.0237254243,3812268.2208693977,-18182.577929351646,86378.13167941352,43.23174511361657,43.23174511361657,43.23174511361657,43.23174511361657,43.23174511361657,43.23174511361657,0.0,0.0,0.0,1497511.8587216618
34,2024-12-31,33636.735183599914,-1530223.7645911544,4236410.328856916,-35920.24126325196,99718.36551871213,41.38687307276717,41.38687307276717,41.38687307276717,41.38687307276717,41.38687307276717,41.38687307276717,0.0,0.0,0.0,1425756.0248095314
35,2025-12-31,33418.02669987828,-2475367.4130765703,4795603.247866796,-57690.954841560015,111125.5929841737,42.03205483497477,42.03205483497477,42.03205483497477,42.03205483497477,42.03205483497477,42.03205483497477,0.0,0.0,0.0,1438046.3574258133
36,2026-12-31,33199.318216156644,-3185173.6228581434,5580269.688437119,-73298.06680879177,128048.14271066482,42.64726176922416,42.64726176922416,42.64726176922416,42.64726176922416,42.64726176922416,42.64726176922416,0.0,0.0,0.0,1449059.332740361
37,2027-12-31,32980.60973243501,-4037184.9001690876,6574070.029594273,-91448.06987762416,148823.1283606505,43.23174511361815,43.23174511361815,43.23174511361815,43.23174511361815,43.23174511361815,43.23174511361815,0.0,0.0,0.0,1458789.9233767798
38,2028-12-31,32761.302047388115,-4904236.877921113,7173650.665555437,-115257.56640369719,169301.49073325188,41.386873072766406,41.386873072766406,41.386873072766406,41.386873072766406,41.386873072766406,41.386873072766406,0.0,0.0,0.0,1388649.1515812022
39,2029-12-31,32542.59356366648,-5881193.852589483,8220419.586574106,-135905.73673296635,191352.9063744105,42.032054834980556,42.032054834980556,42.032054834980556,42.032054834980556,42.032054834980556,42.032054834980556,0.0,0.0,0.0,1400374.6707041813
40,2030-12-31,32323.885079944845,-6692452.152484372,9408759.4302126,-153252.0785424112,215147.53437593437,42.64726176921644,42.64726176921644,42.64726176921644,42.64726176921644,42.64726176921644,42.64726176921644,0.0,0.0,0.0,1410849.0734824224
41,2031-12-31,32105.17659622321,-7625782.05770138,10386170.95822265,-172288.6871604763,234736.09870655325,43.23174511360968,43.23174511360968,43.23174511360968,43.23174511360968,43.23174511360968,43.23174511360968,0.0,0.0,0.0,1420067.988031572
42,2032-12-31,31885.86891117631,-8103459.754615438,10970327.645104244,-191325.94374856283,258584.17081481992,41.38687307276047,41.38687307276047,41.38687307276047,41.38687307276047,41.38687307276047,41.38687307276047,0.0,0.0,0.0,1351542.2783527095
43,2033-12-31,31667.160427454677,-9062931.027895339,12257165.104588527,-210989.06134975527,285025.93797501264,42.03205483496281,42.03205483496281,42.03205483496281,42.03205483496281,42.03205483496281,42.03205483496281,0.0,0.0,0.0,1362702.983981794
44,2034-12-31,31448.451943733042,-10176434.661652118,13454890.543432167,-233163.93235260982,308267.26207801374,42.647261769218396,42.647261769218396,42.647261769218396,42.647261769218396,42.647261769218396,42.647261769218396,0.0,0.0,0.0,1372638.8142248013
