,ds,trend,yhat_lower,yhat_upper,trend_lower,trend_upper,multiplicative_terms,multiplicative_terms_lower,multiplicative_terms_upper,yearly,yearly_lower,yearly_upper,additive_terms,additive_terms_lower,additive_terms_upper,yhat
0,1990-12-31,5075557.137218388,141115055.61301684,144802391.5933945,5075557.137218388,5075557.137218388,27.17195333208842,27.17195333208842,27.17195333208842,27.17195333208842,27.17195333208842,27.17195333208842,0.0,0.0,0.0,142988358.80406472
1,1991-12-31,5071612.361813711,141475131.50513119,145158584.43780568,5071612.361813711,5071612.361813711,27.255908425938614,27.255908425938614,27.255908425938614,27.255908425938614,27.255908425938614,27.255908425938614,0.0,0.0,0.0,143303014.46726647
2,1992-12-30,4905988.759284559,137048771.34971988,140775252.33996662,4905988.759284559,4905988.759284559,27.321350664286193,27.321350664286193,27.321350664286193,27.321350664286193,27.321350664286193,27.321350664286193,0.0,0.0,0.0,138944228.00674433
3,1993-12-31,4876871.257324217,135145841.01178163,138701876.0539311,4876871.257324217,4876871.257324217,27.06958764399618,27.06958764399618,27.06958764399618,27.06958764399618,27.06958764399618,27.06958764399618,0.0,0.0,0.0,136891765.18594795
4,1994-12-31,4927893.802072995,137011933.97594133,140592305.5974498,4927893.802072995,4927893.802072995,27.17195333208859,27.17195333208859,27.17195333208859,27.17195333208859,27.17195333208859,27.17195333208859,0.0,0.0,0.0,138828394.21748903
5,1995-12-31,5015386.659383431,139862647.21298015,143576793.16102508,5015386.659383431,5015386.659383431,27.255908425938586,27.255908425938586,27.255908425938586,27.255908425938586,27.255908425938586,27.255908425938586,0.0,0.0,0.0,141714306.16821226
6,1996-12-30,5115831.492735925,143043084.44104287,146742390.58404875,5115831.492735925,5115831.492735925,27.32135066428608,27.32135066428608,27.32135066428608,27.32135066428608,27.32135066428608,27.32135066428608,0.0,0.0,0.0,144887257.64517224
7,1997-12-31,5086870.981131325,140989782.47723544,144614666.18693808,5086870.981131325,5086870.981131325,27.06958764399636,27.06958764399636,27.06958764399636,27.06958764399636,27.06958764399636,27.06958764399636,0.0,0.0,0.0,142786370.83856747
8,1998-12-31,5087088.5497907065,141412453.27411097,145215502.06449768,5087088.5497907065,5087088.5497907065,27.1719533320886,27.1719533320886,27.1719533320886,27.1719533320886,27.1719533320886,27.1719533320886,0.0,0.0,0.0,143313221.22090605
9,1999-12-31,5123597.813067589,142924610.27823496,146666227.08985984,5123597.813067589,5123597.813067589,27.25590842593887,27.25590842593887,27.25590842593887,27.25590842593887,27.25590842593887,27.25590842593887,0.0,0.0,0.0,144771910.61737844
10,2000-12-30,5160107.071518936,144311993.90748912,147810069.710824,5160107.071518936,5160107.071518936,27.321350664285863,27.321350664285863,27.321350664285863,27.321350664285863,27.321350664285863,27.321350664285863,0.0,0.0,0.0,146141201.837749
11,2001-12-31,5239187.647687881,145194455.46675795,148861270.6254853,5239187.647687881,5239187.647687881,27.069587643995472,27.069587643995472,27.069587643995472,27.069587643995472,27.069587643995472,27.069587643995472,0.0,0.0,0.0,147061836.86011344
12,2002-12-31,5348340.704362708,148775145.4329053,152578219.54142064,5348340.704362708,5348340.704362708,27.171953332087604,27.171953332087604,27.171953332087604,27.171953332087604,27.171953332087604,27.171953332087604,0.0,0.0,0.0,150673204.72741076
13,2003-12-31,5404963.330768135,150912551.80314738,154569410.31807134,5404963.330768135,5404963.330768135,27.255908425938074,27.255908425938074,27.255908425938074,27.255908425938074,27.255908425938074,27.255908425938074,0.0,0.0,0.0,152722148.91973767
14,2004-12-30,5411587.413879941,151593071.02909812,155197525.81479728,5411587.413879941,5411587.413879941,27.3213506642863,27.3213506642863,27.3213506642863,27.3213506642863,27.3213506642863,27.3213506642863,0.0,0.0,0.0,153263464.79893205
15,2005-12-31,5501426.573980109,152542125.67680988,156186337.57040942,5501426.573980108,5501426.573980108,27.0695876439962,27.0695876439962,27.0695876439962,27.0695876439962,27.0695876439962,27.0695876439962,0.0,0.0,0.0,154422775.38534442
16,2006-12-31,5590301.088841753,155713128.7583663,159353758.0385914,5590301.088841753,5590301.088841753,27.171953332088947,27.171953332088947,27.171953332088947,27.171953332088947,27.171953332088947,27.171953332088947,0.0,0.0,0.0,157489701.3871759
17,2007-12-31,5592301.249180876,156274650.18426183,159864817.93871468,5592301.249180876,5592301.249180876,27.2559084259386,27.2559084259386,27.2559084259386,27.2559084259386,27.2559084259386,27.2559084259386,0.0,0.0,0.0,158015551.98711687
18,2008-12-30,5476707.70387422,153316654.30996984,156874793.97741917,5476707.70387422,5476707.70387422,27.32135066428626,27.32135066428626,27.32135066428626,27.32135066428626,27.32135066428626,27.32135066428626,0.0,0.0,0.0,155107759.36721984
19,2009-12-31,5360797.450880974,148689763.7434464,152241968.78605425,5360797.450880974,5360797.450880974,27.069587643996222,27.069587643996222,27.069587643996222,27.069587643996222,27.069587643996222,27.069587643996222,0.0,0.0,0.0,150475373.88921502
20,2010-12-31,5406311.724972465,150561704.2823169,154195172.1337897,5406311.724972465,5406311.724972465,27.171953332088847,27.171953332088847,27.171953332088847,27.171953332088847,27.171953332088847,27.171953332088847,0.0,0.0,0.0,152306361.61464903
21,2011-12-31,5424116.964436855,151443474.9311179,155178844.37844732,5424116.964436855,5424116.964436855,27.255908425938443,27.255908425938443,27.255908425938443,27.255908425938443,27.255908425938443,27.255908425938443,0.0,0.0,0.0,153263352.23870698
22,2012-12-30,5302236.357741857,148228462.671528,152044759.65562338,5302236.357741857,5302236.357741857,27.32135066428626,27.32135066428626,27.32135066428626,27.32135066428626,27.32135066428626,27.32135066428626,0.0,0.0,0.0,150166495.1925351
23,2013-12-31,5257182.408327751,145715904.3662568,149230892.37676898,5257182.408327751,5257182.408327751,27.069587643996417,27.069587643996417,27.069587643996417,27.069587643996417,27.069587643996417,27.069587643996417,0.0,0.0,0.0,147566942.37103197
24,2014-12-31,5212251.55713609,144835409.09845102,148777949.7960731,5212251.55713609,5212251.55713609,27.17195333208838,27.17195333208838,27.17195333208838,27.17195333208838,27.17195333208838,27.17195333208838,0.0,0.0,0.0,146839307.6227429
25,2015-12-31,5167320.705944426,144265946.52051866,147817837.32313618,5167320.705944426,5167320.705944426,27.255908425939058,27.255908425939058,27.255908425939058,27.255908425939058,27.255908425939058,27.255908425939058,0.0,0.0,0.0,146007340.67462447
26,2016-12-30,5122389.854752764,143312685.43375757,146924609.79577512,5122389.854752764,5122389.854752764,27.321350664286385,27.321350664286385,27.321350664286385,27.321350664286385,27.321350664286385,27.321350664286385,0.0,0.0,0.0,145072999.31563604
27,2017-12-31,5077335.90533866,140617521.82810873,144352247.66416857,5077335.90533866,5077335.90533866,27.069587643996357,27.069587643996357,27.069587643996357,27.069587643996357,27.069587643996357,27.069587643996357,0.0,0.0,0.0,142518725.19291312
28,2018-12-31,5032405.054146997,139962225.96516925,143706830.63282543,5032405.054146997,5032405.054146997,27.171953332088407,27.171953332088407,27.171953332088407,27.171953332088407,27.171953332088407,27.171953332088407,0.0,0.0,0.0,141772680.33359504
29,2019-12-31,4987474.202955335,137228922.72003517,144418773.74314797,4882809.371765547,5106834.057583152,27.255908425938607,27.255908425938607,27.255908425938607,27.255908425938607,27.255908425938607,27.255908425938607,0.0,0.0,0.0,140925614.3554371
30,2020-12-31,4942420.25354123,129524955.9747267,146894993.78161162,4646563.42548828,5261661.45045776,26.94893551247025,26.94893551247025,26.94893551247025,26.94893551247025,26.94893551247025,26.94893551247025,0.0,0.0,0.0,138135384.9417507
31,2021-12-31,4897489.402349568,121581000.5306298,153366540.3548613,4337529.664706616,5467883.39366593,27.06958764399684,27.06958764399684,27.06958764399684,27.06958764399684,27.06958764399684,27.06958764399684,0.0,0.0,0.0,137470508.0147969
32,2022-12-31,4852558.551157906,112794717.32848793,160967938.67349306,4021562.547296704,5710269.578137677,27.1719533320884,27.1719533320884,27.1719533320884,27.1719533320884,27.1719533320884,27.1719533320884,0.0,0.0,0.0,136706053.044447
33,2023-12-31,4807627.6999662435,104244571.24389096,170546004.47563484,3686654.7061724695,6019389.227318563,27.25590842593879,27.25590842593879,27.25590842593879,27.25590842593879,27.25590842593879,27.25590842593879,0.0,0.0,0.0,135843888.03625292
34,2024-12-31,4762573.750552138,92961241.07815367,177048634.5147008,3328711.8284952575,6368083.883868104,26.94893551246961,26.94893551246961,26.94893551246961,26.94893551246961,26.94893551246961,26.94893551246961,0.0,0.0,0.0,133108866.62756224
35,2025-12-31,4717642.899360477,80754382.84076019,187786564.643977,2861053.2058181604,6660600.282457131,27.069587643996393,27.069587643996393,27.069587643996393,27.069587643996393,27.069587643996393,27.069587643996393,0.0,0.0,0.0,132422290.83667617
36,2026-12-31,4672712.048168815,69227440.10397995,198596529.6031073,2454981.7583583114,7046747.2192218425,27.171953332088442,27.171953332088442,27.171953332088442,27.171953332088442,27.171953332088442,27.171953332088442,0.0,0.0,0.0,131639425.75529926
37,2027-12-31,4627781.1969771525,55874136.516001284,209931093.5155222,1985527.6854398793,7415362.850559781,27.255908425938998,27.255908425938998,27.255908425938998,27.255908425938998,27.255908425938998,27.255908425938998,0.0,0.0,0.0,130762161.71706878
38,2028-12-31,4582727.247563047,42032232.35522895,219758476.93371883,1461695.3922189856,7829164.981224181,26.94893551246945,26.94893551246945,26.94893551246945,26.94893551246945,26.94893551246945,26.94893551246945,0.0,0.0,0.0,128082348.31337623
39,2029-12-31,4537796.396371385,27055838.869611334,232384839.4201986,949051.4384069345,8289148.62159025,27.069587643997416,27.069587643997416,27.069587643997416,27.069587643997416,27.069587643997416,27.069587643997416,0.0,0.0,0.0,127374073.65856223
40,2030-12-31,4492865.545179723,10878414.130877605,245904269.14685193,417667.0245084868,8772566.968887404,27.171953332087238,27.171953332087238,27.171953332087238,27.171953332087238,27.171953332087238,27.171953332087238,0.0,0.0,0.0,126572798.46614584
41,2031-12-31,4447934.693988061,-1371654.0624650335,265367940.76233456,-19424.22978361176,9351040.401824994,27.255908425937882,27.255908425937882,27.255908425937882,27.255908425937882,27.255908425937882,27.255908425937882,0.0,0.0,0.0,125680435.39787868
42,2032-12-31,4402880.744573956,-16418165.745972712,277487979.9833222,-603867.6516793513,9960631.649841115,26.94893551246828,26.94893551246828,26.94893551246828,26.94893551246828,26.94893551246828,26.94893551246828,0.0,0.0,0.0,123055829.99918585
43,2033-12-31,4357949.893382293,-32186056.66751541,294616117.1565889,-1169695.7006714547,10490715.687803928,27.069587643994275,27.069587643994275,27.069587643994275,27.069587643994275,27.069587643994275,27.069587643994275,0.0,0.0,0.0,122325856.48042978
44,2034-12-31,4313019.042190632,-52440159.87005664,313374631.80020446,-1845916.8284355057,11073561.791275527,27.171953332087547,27.171953332087547,27.171953332087547,27.171953332087547,27.171953332087547,27.171953332087547,0.0,0.0,0.0,121506171.1769994
