,ds,trend,yhat_lower,yhat_upper,trend_lower,trend_upper,multiplicative_terms,multiplicative_terms_lower,multiplicative_terms_upper,yearly,yearly_lower,yearly_upper,additive_terms,additive_terms_lower,additive_terms_upper,yhat
0,1990-12-31,99739157.85835809,90406277.44577613,116748876.68159251,99739157.85835809,99739157.85835809,0.04045466357252164,0.04045466357252164,0.04045466357252164,0.04045466357252164,0.04045466357252164,0.04045466357252164,0.0,0.0,0.0,103774071.93452458
1,1991-12-31,99012915.86378598,90750374.73714763,116828434.0590472,99012915.86378598,99012915.86378598,0.03995934255854665,0.03995934255854665,0.03995934255854665,0.03995934255854665,0.03995934255854665,0.03995934255854665,0.0,0.0,0.0,102969406.88650757
2,1992-12-30,98286673.82781503,89130120.22319894,114592407.60015029,98286673.82781503,98286673.82781503,0.039312543703693664,0.039312543703693664,0.039312543703693664,0.039312543703693664,0.039312543703693664,0.039312543703693664,0.0,0.0,0.0,102150572.98816168
3,1993-12-31,97558442.17406183,88229130.90805292,113805622.9277223,97558442.17406183,97558442.17406183,0.04079797417934389,0.04079797417934389,0.04079797417934389,0.04079797417934389,0.04079797417934389,0.04079797417934389,0.0,0.0,0.0,101538628.97885622
4,1994-12-31,96832200.192371,87206097.83993265,113681109.79351953,96832200.192371,96832200.192371,0.04045466357252113,0.04045466357252113,0.04045466357252113,0.04045466357252113,0.04045466357252113,0.04045466357252113,0.0,0.0,0.0,100749514.27414039
5,1995-12-31,96105958.20246701,86181624.25168005,113455986.28982991,96105958.20246701,96105958.20246701,0.03995934255854691,0.03995934255854691,0.03995934255854691,0.03995934255854691,0.03995934255854691,0.03995934255854691,0.0,0.0,0.0,99946289.10819678
6,1996-12-30,95379716.23741527,86037803.22245297,112075768.90942016,95379716.23741527,95379716.23741527,0.03931254370369517,0.03931254370369517,0.03931254370369517,0.03931254370369517,0.03931254370369517,0.03931254370369517,0.0,0.0,0.0,99129335.5004447
7,1997-12-31,94651484.45011573,85876799.296881,111488871.64246029,94651484.45011573,94651484.45011573,0.04079797417934339,0.04079797417934339,0.04079797417934339,0.04079797417934339,0.04079797417934339,0.04079797417934339,0.0,0.0,0.0,98513073.26874807
8,1998-12-31,93925242.26450291,85277356.79698677,111624480.0573052,93925242.26450291,93925242.26450291,0.040454663572521046,0.040454663572521046,0.040454663572521046,0.040454663572521046,0.040454663572521046,0.040454663572521046,0.0,0.0,0.0,97724956.34128092
9,1999-12-31,93198999.94116852,84495724.07498519,111105403.01876065,93198999.94116852,93198999.94116852,0.03995934255854476,0.03995934255854476,0.03995934255854476,0.03995934255854476,0.03995934255854476,0.03995934255854476,0.0,0.0,0.0,96923170.70593145
10,2000-12-30,92472410.97158578,83114125.62608539,108438307.68072276,92472410.97158578,92472410.97158578,0.03931254370369798,0.03931254370369798,0.03931254370369798,0.03931254370369798,0.03931254370369798,0.03931254370369798,0.0,0.0,0.0,96107736.66929257
11,2001-12-31,91742573.96181513,81946630.72307046,107692904.72991553,91742573.96181513,91742573.96181513,0.04079797417934533,0.04079797417934533,0.04079797417934533,0.04079797417934533,0.04079797417934533,0.04079797417934533,0.0,0.0,0.0,95485485.12545595
12,2002-12-31,91012512.51235802,81768206.38932002,106836052.73492333,91012512.51235802,91012512.51235802,0.04045466357252558,0.04045466357252558,0.04045466357252558,0.04045466357252558,0.04045466357252558,0.04045466357252558,0.0,0.0,0.0,94694393.08693574
13,2003-12-31,90282348.4142231,81385551.79300871,107508520.14687698,90282348.4142231,90282348.4142231,0.0399593425585508,0.0399593425585508,0.0399593425585508,0.0399593425585508,0.0399593425585508,0.0399593425585508,0.0,0.0,0.0,93889971.70149748
14,2004-12-30,89551185.97096366,80902531.68306534,105949672.457273,89551185.97096366,89551185.97096366,0.039312543703692304,0.039312543703692304,0.039312543703692304,0.039312543703692304,0.039312543703692304,0.039312543703692304,0.0,0.0,0.0,93071670.88316464
15,2005-12-31,88816376.73127612,79785792.34283353,106231494.86610985,88816376.73127612,88816376.73127612,0.040797974179343555,0.040797974179343555,0.040797974179343555,0.040797974179343555,0.040797974179343555,0.040797974179343555,0.0,0.0,0.0,92439904.97586158
16,2006-12-31,88081550.73063478,78578890.97786248,105214621.03905937,88081550.73063478,88081550.73063478,0.04045466357252005,0.04045466357252005,0.04045466357252005,0.04045466357252005,0.04045466357252005,0.04045466357252005,0.0,0.0,0.0,91644860.23238847
17,2007-12-31,87344680.59462655,77900445.07496934,103861542.2930081,87344680.59462655,87344680.59462655,0.03995934255854677,0.03995934255854677,0.03995934255854677,0.03995934255854677,0.03995934255854677,0.03995934255854677,0.0,0.0,0.0,90834916.60717407
18,2008-12-30,86605871.10962875,77226839.8260107,101721052.17611825,86605871.10962875,86605871.10962875,0.03931254370369282,0.03931254370369282,0.03931254370369282,0.03931254370369282,0.03931254370369282,0.03931254370369282,0.0,0.0,0.0,90010568.20262241
19,2009-12-31,85863443.6686263,76161417.4052241,102494816.00066915,85863443.6686263,85863443.6686263,0.040797974179343444,0.040797974179343444,0.040797974179343444,0.040797974179343444,0.040797974179343444,0.040797974179343444,0.0,0.0,0.0,89366498.22636841
20,2010-12-31,85122165.8172633,75583951.25987795,101941664.17688084,85122165.8172633,85122165.8172633,0.0404546635725203,0.0404546635725203,0.0404546635725203,0.0404546635725203,0.0404546635725203,0.0404546635725203,0.0,0.0,0.0,88565754.39796497
21,2011-12-31,84380384.95365344,75778585.05967145,101421874.06950648,84380384.95365344,84380384.95365344,0.039959342558547994,0.039959342558547994,0.039959342558547994,0.039959342558547994,0.039959342558547994,0.039959342558547994,0.0,0.0,0.0,87752169.66123863
22,2012-12-30,83637276.98660213,73794917.6126826,99382605.91576658,83637276.98660213,83637276.98660213,0.039312543703692776,0.039312543703692776,0.039312543703692776,0.039312543703692776,0.039312543703692776,0.039312543703692776,0.0,0.0,0.0,86925271.09339578
23,2013-12-31,82892133.08310212,73128965.0827729,99398278.7308522,82892133.08310212,82892133.08310212,0.0407979741793435,0.0407979741793435,0.0407979741793435,0.0407979741793435,0.0407979741793435,0.0407979741793435,0.0,0.0,0.0,86273964.18829721
24,2014-12-31,82149025.09190676,72874962.49239944,99420279.60729757,82149025.09190676,82149025.09190676,0.04045466357252184,0.04045466357252184,0.04045466357252184,0.04045466357252184,0.04045466357252184,0.04045466357252184,0.0,0.0,0.0,85472336.2648105
25,2015-12-31,81405917.1007114,72574894.72177981,97856140.009674,81405917.1007114,81405917.1007114,0.03995934255854337,0.03995934255854337,0.03995934255854337,0.03995934255854337,0.03995934255854337,0.03995934255854337,0.0,0.0,0.0,84658844.02843112
26,2016-12-30,80662809.10951605,70661577.63651817,98506324.27032812,80662809.10951605,80662809.10951605,0.03931254370369126,0.03931254370369126,0.03931254370369126,0.03931254370369126,0.03931254370369126,0.03931254370369126,0.0,0.0,0.0,83833869.31789641
27,2017-12-31,79917665.20601605,69316491.20168442,95953332.79730698,79917665.20601605,79917665.20601605,0.04079797417934333,0.04079797417934333,0.04079797417934333,0.04079797417934333,0.04079797417934333,0.04079797417934333,0.0,0.0,0.0,83178144.0475645
28,2018-12-31,79174557.21482068,68980490.20078844,95759559.11119191,79174557.21482068,79174557.21482068,0.04045466357252156,0.04045466357252156,0.04045466357252156,0.04045466357252156,0.04045466357252156,0.04045466357252156,0.0,0.0,0.0,82377537.29044962
29,2019-12-31,78431449.22362533,68633638.01003861,94736148.4986534,78430000.15165496,78432723.25129724,0.03995934255854662,0.03995934255854662,0.03995934255854662,0.03995934255854662,0.03995934255854662,0.03995934255854662,0.0,0.0,0.0,81565518.37051544
30,2020-12-31,77686305.32012533,67374415.01240306,94526836.27476665,77682334.25079612,77689815.94833975,0.04098899427993886,0.04098899427993886,0.04098899427993886,0.04098899427993886,0.04098899427993886,0.04098899427993886,0.0,0.0,0.0,80870588.84452152
31,2021-12-31,76943197.32892996,66560018.06971136,92695059.79225217,76936611.9977779,76949282.04993719,0.040797974179343145,0.040797974179343145,0.040797974179343145,0.040797974179343145,0.040797974179343145,0.040797974179343145,0.0,0.0,0.0,80082323.90683176
32,2022-12-31,76200089.33773461,65262164.057577804,93009976.0996166,76190093.85674083,76209463.93931016,0.040454663572522115,0.040454663572522115,0.040454663572522115,0.040454663572522115,0.040454663572522115,0.040454663572522115,0.0,0.0,0.0,79282738.31608878
33,2023-12-31,75456981.34653924,64775477.16185441,92670750.00326055,75443008.423375,75469384.08984408,0.039959342558545524,0.039959342558545524,0.039959342558545524,0.039959342558545524,0.039959342558545524,0.039959342558545524,0.0,0.0,0.0,78472192.7125994
34,2024-12-31,74711837.44303925,64056251.20245054,90529276.95879789,74694244.8352054,74727270.01161703,0.04098899427993846,0.04098899427993846,0.04098899427993846,0.04098899427993846,0.04098899427993846,0.04098899427993846,0.0,0.0,0.0,77774200.52063568
35,2025-12-31,73968729.45184389,63855406.88916167,91027924.48504335,73946882.49686848,73988607.55049436,0.04079797417934316,0.04079797417934316,0.04079797417934316,0.04079797417934316,0.04079797417934316,0.04079797417934316,0.0,0.0,0.0,76986503.76609904
36,2026-12-31,73225621.46064854,63422351.62602404,89348453.08171916,73197921.90209937,73250472.52326985,0.040454663572521345,0.040454663572521345,0.040454663572521345,0.040454663572521345,0.040454663572521345,0.040454663572521345,0.0,0.0,0.0,76187939.34172787
37,2027-12-31,72482513.46945317,61271091.32683643,87717379.64762785,72450592.04502706,72512343.38475925,0.039959342558543956,0.039959342558543956,0.039959342558543956,0.039959342558543956,0.039959342558543956,0.039959342558543956,0.0,0.0,0.0,75378867.05468333
38,2028-12-31,71737369.56595317,61675017.230976805,87579611.23187226,71700766.8123547,71771354.26597758,0.040988994279940086,0.040988994279940086,0.040988994279940086,0.040988994279940086,0.040988994279940086,0.040988994279940086,0.0,0.0,0.0,74677812.19674997
39,2029-12-31,70994261.5747578,60878783.14225852,87269875.3415543,70951960.86859806,71031880.373162,0.04079797417934083,0.04079797417934083,0.04079797417934083,0.04079797417934083,0.04079797417934083,0.04079797417934083,0.0,0.0,0.0,73890683.62536614
40,2030-12-31,70251153.58356245,60780210.071795434,85670837.609267,70203374.85966781,70295228.86762872,0.0404546635725276,0.0404546635725276,0.0404546635725276,0.0404546635725276,0.0404546635725276,0.0404546635725276,0.0,0.0,0.0,73093140.36736743
41,2031-12-31,69508045.5923671,58432365.85983007,84982378.0915151,69453624.58006655,69555961.87520401,0.03995934255855227,0.03995934255855227,0.03995934255855227,0.03995934255855227,0.03995934255855227,0.03995934255855227,0.0,0.0,0.0,72285541.39676796
42,2032-12-31,68762901.68886709,59329038.064407885,85888532.41941652,68702385.02487035,68816308.16737862,0.04098899427994144,0.04098899427994144,0.04098899427994144,0.04098899427994144,0.04098899427994144,0.04098899427994144,0.0,0.0,0.0,71581423.87286425
43,2033-12-31,68019793.69767173,56855516.41549314,84652587.40124781,67953999.2875191,68078802.47859752,0.0407979741793488,0.0407979741793488,0.0407979741793488,0.0407979741793488,0.0407979741793488,0.0407979741793488,0.0,0.0,0.0,70794863.48463397
44,2034-12-31,67276685.70647638,56728469.06743951,82819096.94689554,67204657.12633161,67339781.96958493,0.040454663572525584,0.040454663572525584,0.040454663572525584,0.040454663572525584,0.040454663572525584,0.040454663572525584,0.0,0.0,0.0,69998341.39300641
