,ds,trend,yhat_lower,yhat_upper,trend_lower,trend_upper,multiplicative_terms,multiplicative_terms_lower,multiplicative_terms_upper,yearly,yearly_lower,yearly_upper,additive_terms,additive_terms_lower,additive_terms_upper,yhat
0,1990-12-31,0.0,-1.874652018648929e-09,1.8411682952689447e-09,0.0,0.0,0.0,0.0,0.0,0.0,0.0,0.0,0.0,0.0,0.0,0.0
1,1991-12-31,0.0,-1.9929089130283225e-09,1.9143773713304595e-09,0.0,0.0,0.0,0.0,0.0,0.0,0.0,0.0,0.0,0.0,0.0,0.0
2,1992-12-30,0.0,-1.8520161157163886e-09,2.0415870313867493e-09,0.0,0.0,0.0,0.0,0.0,0.0,0.0,0.0,0.0,0.0,0.0,0.0
3,1993-12-31,0.0,-1.9975918623513646e-09,2.18900846442964e-09,0.0,0.0,0.0,0.0,0.0,0.0,0.0,0.0,0.0,0.0,0.0,0.0
4,1994-12-31,0.0,-1.8536192685803613e-09,2.0507812825789814e-09,0.0,0.0,0.0,0.0,0.0,0.0,0.0,0.0,0.0,0.0,0.0,0.0
5,1995-12-31,0.0,-1.8282706590106256e-09,2.0533845392794907e-09,0.0,0.0,0.0,0.0,0.0,0.0,0.0,0.0,0.0,0.0,0.0,0.0
6,1996-12-30,0.0,-1.8501138205078422e-09,2.0406303342205867e-09,0.0,0.0,0.0,0.0,0.0,0.0,0.0,0.0,0.0,0.0,0.0,0.0
7,1997-12-31,0.0,-1.967922951360823e-09,1.8632998716053363e-09,0.0,0.0,0.0,0.0,0.0,0.0,0.0,0.0,0.0,0.0,0.0,0.0
8,1998-12-31,0.0,-2.005119090132471e-09,1.906132712633993e-09,0.0,0.0,0.0,0.0,0.0,0.0,0.0,0.0,0.0,0.0,0.0,0.0
9,1999-12-31,0.0,-1.9296767588208147e-09,2.028407127277315e-09,0.0,0.0,0.0,0.0,0.0,0.0,0.0,0.0,0.0,0.0,0.0,0.0
10,2000-12-30,0.0,-1.926312803891093e-09,1.958913667347149e-09,0.0,0.0,0.0,0.0,0.0,0.0,0.0,0.0,0.0,0.0,0.0,0.0
11,2001-12-31,0.0,-1.8611245583005292e-09,1.9986798869330915e-09,0.0,0.0,0.0,0.0,0.0,0.0,0.0,0.0,0.0,0.0,0.0,0.0
12,2002-12-31,0.0,-2.0798610790977144e-09,1.932422592626813e-09,0.0,0.0,0.0,0.0,0.0,0.0,0.0,0.0,0.0,0.0,0.0,0.0
13,2003-12-31,0.0,-1.9511731531328942e-09,1.921339177555691e-09,0.0,0.0,0.0,0.0,0.0,0.0,0.0,0.0,0.0,0.0,0.0,0.0
14,2004-12-30,0.0,-1.8631125051461104e-09,1.8086675181707755e-09,0.0,0.0,0.0,0.0,0.0,0.0,0.0,0.0,0.0,0.0,0.0,0.0
15,2005-12-31,0.0,-2.003412770413816e-09,1.992514338024755e-09,0.0,0.0,0.0,0.0,0.0,0.0,0.0,0.0,0.0,0.0,0.0,0.0
16,2006-12-31,0.0,-1.9954377828166798e-09,1.998445979239779e-09,0.0,0.0,0.0,0.0,0.0,0.0,0.0,0.0,0.0,0.0,0.0,0.0
17,2007-12-31,0.0,-1.9158368294927013e-09,1.954399557960813e-09,0.0,0.0,0.0,0.0,0.0,0.0,0.0,0.0,0.0,0.0,0.0,0.0
18,2008-12-30,0.0,-1.944074188619264e-09,2.018550856302134e-09,0.0,0.0,0.0,0.0,0.0,0.0,0.0,0.0,0.0,0.0,0.0,0.0
19,2009-12-31,0.0,-2.055942973216983e-09,1.99908398514628e-09,0.0,0.0,0.0,0.0,0.0,0.0,0.0,0.0,0.0,0.0,0.0,0.0
20,2010-12-31,0.0,-1.9697179890967713e-09,1.9324415421028294e-09,0.0,0.0,0.0,0.0,0.0,0.0,0.0,0.0,0.0,0.0,0.0,0.0
21,2011-12-31,0.0,-1.8152390824969248e-09,1.978877563347104e-09,0.0,0.0,0.0,0.0,0.0,0.0,0.0,0.0,0.0,0.0,0.0,0.0
22,2012-12-30,0.0,-1.8640195702514376e-09,2.1509571110831884e-09,0.0,0.0,0.0,0.0,0.0,0.0,0.0,0.0,0.0,0.0,0.0,0.0
23,2013-12-31,0.0,-2.147329188761807e-09,2.1610696973840283e-09,0.0,0.0,0.0,0.0,0.0,0.0,0.0,0.0,0.0,0.0,0.0,0.0
24,2014-12-31,0.0,-1.931989825418864e-09,1.867232547366841e-09,0.0,0.0,0.0,0.0,0.0,0.0,0.0,0.0,0.0,0.0,0.0,0.0
25,2015-12-31,0.0,-1.946231757009377e-09,2.0215659619404105e-09,0.0,0.0,0.0,0.0,0.0,0.0,0.0,0.0,0.0,0.0,0.0,0.0
26,2016-12-30,0.0,-1.9538160690575835e-09,1.9384959760756043e-09,0.0,0.0,0.0,0.0,0.0,0.0,0.0,0.0,0.0,0.0,0.0,0.0
27,2017-12-31,0.0,-1.94938682020053e-09,2.140630454254427e-09,0.0,0.0,0.0,0.0,0.0,0.0,0.0,0.0,0.0,0.0,0.0,0.0
28,2018-12-31,0.0,-1.953688136376693e-09,1.9818022572505783e-09,0.0,0.0,0.0,0.0,0.0,0.0,0.0,0.0,0.0,0.0,0.0,0.0
29,2019-12-31,0.0,-2.0760855278377984e-09,1.923127590304185e-09,-5.534568422082045e-10,5.366185371206783e-10,0.0,0.0,0.0,0.0,0.0,0.0,0.0,0.0,0.0,0.0
30,2020-12-31,0.0,-2.207936031350548e-09,2.211245990994328e-09,-1.5596004518832014e-09,1.3792026746604343e-09,0.0,0.0,0.0,0.0,0.0,0.0,0.0,0.0,0.0,0.0
31,2021-12-31,0.0,-3.4258743272801867e-09,2.9341109830557356e-09,-2.803856870932601e-09,2.4140294040958344e-09,0.0,0.0,0.0,0.0,0.0,0.0,0.0,0.0,0.0,0.0
32,2022-12-31,0.0,-4.56185416653355e-09,3.9303173079697286e-09,-3.9578891342881865e-09,3.7081700538646363e-09,0.0,0.0,0.0,0.0,0.0,0.0,0.0,0.0,0.0,0.0
33,2023-12-31,0.0,-5.808165858754535e-09,5.430159656403505e-09,-5.574531453336074e-09,5.114074285464385e-09,0.0,0.0,0.0,0.0,0.0,0.0,0.0,0.0,0.0,0.0
34,2024-12-31,0.0,-7.774729187210297e-09,6.797914272403411e-09,-7.590355945491696e-09,6.747121279581202e-09,0.0,0.0,0.0,0.0,0.0,0.0,0.0,0.0,0.0,0.0
35,2025-12-31,0.0,-9.152002292236846e-09,8.590986995275988e-09,-9.029861303429796e-09,8.580021678054195e-09,0.0,0.0,0.0,0.0,0.0,0.0,0.0,0.0,0.0,0.0
36,2026-12-31,0.0,-1.1367970246694501e-08,1.0478264664789902e-08,-1.1174467431117249e-08,1.0491191779904482e-08,0.0,0.0,0.0,0.0,0.0,0.0,0.0,0.0,0.0,0.0
37,2027-12-31,0.0,-1.3745048744192062e-08,1.2507518333569268e-08,-1.3247537964251503e-08,1.2357876720707946e-08,0.0,0.0,0.0,0.0,0.0,0.0,0.0,0.0,0.0,0.0
38,2028-12-31,0.0,-1.6035949297551712e-08,1.4993940711687256e-08,-1.6067131914426647e-08,1.4707892913314859e-08,0.0,0.0,0.0,0.0,0.0,0.0,0.0,0.0,0.0,0.0
39,2029-12-31,0.0,-1.8773222070233484e-08,1.7966715598468144e-08,-1.817181593834495e-08,1.758449205844538e-08,0.0,0.0,0.0,0.0,0.0,0.0,0.0,0.0,0.0,0.0
40,2030-12-31,0.0,-2.0292005693923946e-08,1.9907272366206924e-08,-2.0907447361648224e-08,2.0699103020424706e-08,0.0,0.0,0.0,0.0,0.0,0.0,0.0,0.0,0.0,0.0
41,2031-12-31,0.0,-2.3772383210234523e-08,2.364841459521261e-08,-2.429306872935135e-08,2.3812404508218195e-08,0.0,0.0,0.0,0.0,0.0,0.0,0.0,0.0,0.0,0.0
42,2032-12-31,0.0,-2.6081341502749547e-08,2.644358937709386e-08,-2.7096523491485267e-08,2.677474647021671e-08,0.0,0.0,0.0,0.0,0.0,0.0,0.0,0.0,0.0,0.0
43,2033-12-31,0.0,-2.94836002822998e-08,3.0228368536129646e-08,-2.9632142663612415e-08,3.0321038668938165e-08,0.0,0.0,0.0,0.0,0.0,0.0,0.0,0.0,0.0,0.0
44,2034-12-31,0.0,-3.2379010476867146e-08,3.386986840365849e-08,-3.252860437929114e-08,3.4080583518182665e-08,0.0,0.0,0.0,0.0,0.0,0.0,0.0,0.0,0.0,0.0
