,ds,trend,yhat_lower,yhat_upper,trend_lower,trend_upper,multiplicative_terms,multiplicative_terms_lower,multiplicative_terms_upper,yearly,yearly_lower,yearly_upper,additive_terms,additive_terms_lower,additive_terms_upper,yhat
0,1990-12-31,0.0,-2.0692384571820624e-09,1.9861159513480018e-09,0.0,0.0,0.0,0.0,0.0,0.0,0.0,0.0,0.0,0.0,0.0,0.0
1,1991-12-31,0.0,-2.003008906835287e-09,1.8906753899918865e-09,0.0,0.0,0.0,0.0,0.0,0.0,0.0,0.0,0.0,0.0,0.0,0.0
2,1992-12-30,0.0,-1.905765479607356e-09,1.8798072902717368e-09,0.0,0.0,0.0,0.0,0.0,0.0,0.0,0.0,0.0,0.0,0.0,0.0
3,1993-12-31,0.0,-2.05051106887556e-09,1.9985818725218125e-09,0.0,0.0,0.0,0.0,0.0,0.0,0.0,0.0,0.0,0.0,0.0,0.0
4,1994-12-31,0.0,-1.962074278446407e-09,1.7916656245831207e-09,0.0,0.0,0.0,0.0,0.0,0.0,0.0,0.0,0.0,0.0,0.0,0.0
5,1995-12-31,0.0,-1.833219760245532e-09,2.0399312701881336e-09,0.0,0.0,0.0,0.0,0.0,0.0,0.0,0.0,0.0,0.0,0.0,0.0
6,1996-12-30,0.0,-1.986467421454354e-09,2.0659504476695138e-09,0.0,0.0,0.0,0.0,0.0,0.0,0.0,0.0,0.0,0.0,0.0,0.0
7,1997-12-31,0.0,-1.8691509531323396e-09,1.9048587210799286e-09,0.0,0.0,0.0,0.0,0.0,0.0,0.0,0.0,0.0,0.0,0.0,0.0
8,1998-12-31,0.0,-1.906461005934119e-09,2.007481363044891e-09,0.0,0.0,0.0,0.0,0.0,0.0,0.0,0.0,0.0,0.0,0.0,0.0
9,1999-12-31,0.0,-1.902726815364452e-09,1.87177498340744e-09,0.0,0.0,0.0,0.0,0.0,0.0,0.0,0.0,0.0,0.0,0.0,0.0
10,2000-12-30,0.0,-1.8997372647726205e-09,2.0177832743433003e-09,0.0,0.0,0.0,0.0,0.0,0.0,0.0,0.0,0.0,0.0,0.0,0.0
11,2001-12-31,0.0,-2.097722960798636e-09,1.9754003918043852e-09,0.0,0.0,0.0,0.0,0.0,0.0,0.0,0.0,0.0,0.0,0.0,0.0
12,2002-12-31,0.0,-1.817423785175196e-09,1.9494884126489618e-09,0.0,0.0,0.0,0.0,0.0,0.0,0.0,0.0,0.0,0.0,0.0,0.0
13,2003-12-31,0.0,-1.7575841916422599e-09,1.8971568753503874e-09,0.0,0.0,0.0,0.0,0.0,0.0,0.0,0.0,0.0,0.0,0.0,0.0
14,2004-12-30,0.0,-2.0755409862456105e-09,1.949683422258304e-09,0.0,0.0,0.0,0.0,0.0,0.0,0.0,0.0,0.0,0.0,0.0,0.0
15,2005-12-31,0.0,-1.895503663550603e-09,1.9760587006122273e-09,0.0,0.0,0.0,0.0,0.0,0.0,0.0,0.0,0.0,0.0,0.0,0.0
16,2006-12-31,0.0,-2.037988642088821e-09,1.975609447551034e-09,0.0,0.0,0.0,0.0,0.0,0.0,0.0,0.0,0.0,0.0,0.0,0.0
17,2007-12-31,0.0,-2.0016177567661344e-09,2.010976808185156e-09,0.0,0.0,0.0,0.0,0.0,0.0,0.0,0.0,0.0,0.0,0.0,0.0
18,2008-12-30,0.0,-2.001346579955687e-09,1.8794516899688563e-09,0.0,0.0,0.0,0.0,0.0,0.0,0.0,0.0,0.0,0.0,0.0,0.0
19,2009-12-31,0.0,-1.8461345357894878e-09,1.867301105004014e-09,0.0,0.0,0.0,0.0,0.0,0.0,0.0,0.0,0.0,0.0,0.0,0.0
20,2010-12-31,0.0,-1.967484137348071e-09,1.9128003611268713e-09,0.0,0.0,0.0,0.0,0.0,0.0,0.0,0.0,0.0,0.0,0.0,0.0
21,2011-12-31,0.0,-1.88928579740642e-09,1.928569742037213e-09,0.0,0.0,0.0,0.0,0.0,0.0,0.0,0.0,0.0,0.0,0.0,0.0
22,2012-12-30,0.0,-1.9619753824304853e-09,1.9797782777428914e-09,0.0,0.0,0.0,0.0,0.0,0.0,0.0,0.0,0.0,0.0,0.0,0.0
23,2013-12-31,0.0,-2.0520033437723294e-09,1.988147840950313e-09,0.0,0.0,0.0,0.0,0.0,0.0,0.0,0.0,0.0,0.0,0.0,0.0
24,2014-12-31,0.0,-2.0064944873822225e-09,2.1238600933275176e-09,0.0,0.0,0.0,0.0,0.0,0.0,0.0,0.0,0.0,0.0,0.0,0.0
25,2015-12-31,0.0,-2.009433683360234e-09,1.8983629208520608e-09,0.0,0.0,0.0,0.0,0.0,0.0,0.0,0.0,0.0,0.0,0.0,0.0
26,2016-12-30,0.0,-1.8606010838157075e-09,1.9073598858003127e-09,0.0,0.0,0.0,0.0,0.0,0.0,0.0,0.0,0.0,0.0,0.0,0.0
27,2017-12-31,0.0,-2.1043226053174045e-09,1.921997674391923e-09,0.0,0.0,0.0,0.0,0.0,0.0,0.0,0.0,0.0,0.0,0.0,0.0
28,2018-12-31,0.0,-1.8743731519585083e-09,1.9028502881923864e-09,0.0,0.0,0.0,0.0,0.0,0.0,0.0,0.0,0.0,0.0,0.0,0.0
29,2019-12-31,0.0,-1.9912915105599835e-09,1.973404589314908e-09,-5.385035024351494e-10,4.819203083474671e-10,0.0,0.0,0.0,0.0,0.0,0.0,0.0,0.0,0.0,0.0
30,2020-12-31,0.0,-2.2467874657571966e-09,2.5505027863870166e-09,-1.5530763480076648e-09,1.5788325908384596e-09,0.0,0.0,0.0,0.0,0.0,0.0,0.0,0.0,0.0,0.0
31,2021-12-31,0.0,-3.3600605050960627e-09,3.304176424350348e-09,-2.776042149597802e-09,2.9118661349368117e-09,0.0,0.0,0.0,0.0,0.0,0.0,0.0,0.0,0.0,0.0
32,2022-12-31,0.0,-4.466853253327153e-09,4.439083113027289e-09,-4.1656340625900015e-09,4.507797443411005e-09,0.0,0.0,0.0,0.0,0.0,0.0,0.0,0.0,0.0,0.0
33,2023-12-31,0.0,-5.9090237413160796e-09,6.442196413274558e-09,-5.823305403957641e-09,5.717497916765233e-09,0.0,0.0,0.0,0.0,0.0,0.0,0.0,0.0,0.0,0.0
34,2024-12-31,0.0,-7.3308685053713e-09,7.904515593007931e-09,-7.800540895564688e-09,7.682860877414107e-09,0.0,0.0,0.0,0.0,0.0,0.0,0.0,0.0,0.0,0.0
35,2025-12-31,0.0,-9.722277593908098e-09,1.0099224701316506e-08,-9.406394647492773e-09,9.716310603480634e-09,0.0,0.0,0.0,0.0,0.0,0.0,0.0,0.0,0.0,0.0
36,2026-12-31,0.0,-1.1854500152440976e-08,1.2218352507895559e-08,-1.1379878822177312e-08,1.207401097606403e-08,0.0,0.0,0.0,0.0,0.0,0.0,0.0,0.0,0.0,0.0
37,2027-12-31,0.0,-1.4265839909694332e-08,1.5446053145574294e-08,-1.3884448638221127e-08,1.4603725293563732e-08,0.0,0.0,0.0,0.0,0.0,0.0,0.0,0.0,0.0,0.0
38,2028-12-31,0.0,-1.6221973799921103e-08,1.6917279717956447e-08,-1.634720633588367e-08,1.7153445675460654e-08,0.0,0.0,0.0,0.0,0.0,0.0,0.0,0.0,0.0,0.0
39,2029-12-31,0.0,-1.902871519358748e-08,1.9426420522746012e-08,-1.876437003055196e-08,1.9174158549824403e-08,0.0,0.0,0.0,0.0,0.0,0.0,0.0,0.0,0.0,0.0
40,2030-12-31,0.0,-2.181617571587372e-08,2.1862224706367406e-08,-2.144761500474988e-08,2.1403767011746646e-08,0.0,0.0,0.0,0.0,0.0,0.0,0.0,0.0,0.0,0.0
41,2031-12-31,0.0,-2.37333192097572e-08,2.3592115441466843e-08,-2.401581554179438e-08,2.3559411105756843e-08,0.0,0.0,0.0,0.0,0.0,0.0,0.0,0.0,0.0,0.0
42,2032-12-31,0.0,-2.6959061108670416e-08,2.6711791863311763e-08,-2.6563355020240178e-08,2.690626709241755e-08,0.0,0.0,0.0,0.0,0.0,0.0,0.0,0.0,0.0,0.0
43,2033-12-31,0.0,-3.0742954115999916e-08,2.9754099889705036e-08,-2.985550970658198e-08,2.917866586943652e-08,0.0,0.0,0.0,0.0,0.0,0.0,0.0,0.0,0.0,0.0
44,2034-12-31,0.0,-3.308471189872676e-08,3.2364936698630054e-08,-3.3445408907969845e-08,3.168799495613351e-08,0.0,0.0,0.0,0.0,0.0,0.0,0.0,0.0,0.0,0.0
