,ds,trend,yhat_lower,yhat_upper,trend_lower,trend_upper,multiplicative_terms,multiplicative_terms_lower,multiplicative_terms_upper,yearly,yearly_lower,yearly_upper,additive_terms,additive_terms_lower,additive_terms_upper,yhat
0,1990-12-31,34532.582575298096,1908029.369917012,1951954.0251888325,34532.582575298096,34532.582575298096,54.89814776027392,54.89814776027392,54.89814776027392,54.89814776027392,54.89814776027392,54.89814776027392,0.0,0.0,0.0,1930307.4033378735
1,1991-12-31,32751.04306626868,1805423.4603573263,1848339.3413685053,32751.04306626868,32751.04306626868,54.75634424805911,54.75634424805911,54.75634424805911,54.75634424805911,54.75634424805911,54.75634424805911,0.0,0.0,0.0,1826078.4316858859
2,1992-12-30,32500.240250827785,1783710.4524705685,1827901.6545027862,32500.240250827785,32500.240250827785,54.57560071974554,54.57560071974554,54.57560071974554,54.57560071974554,54.57560071974554,54.57560071974554,0.0,0.0,0.0,1806220.3754758076
3,1993-12-31,21613.53490611158,1187658.5096235867,1234367.263965585,21613.53490611158,21613.53490611158,55.000838712195716,55.000838712195716,55.000838712195716,55.000838712195716,55.000838712195716,55.000838712195716,0.0,0.0,0.0,1210376.082277567
4,1994-12-31,20562.081650836262,1125438.7343265372,1172843.2681825566,20562.081650836262,20562.081650836262,54.89814776027369,54.89814776027369,54.89814776027369,54.89814776027369,54.89814776027369,54.89814776027369,0.0,0.0,0.0,1149382.2783772578
5,1995-12-31,21849.10568838648,1194926.1601145829,1240713.280741962,21849.10568838648,21849.10568838648,54.75634424805917,54.75634424805917,54.75634424805917,54.75634424805917,54.75634424805917,54.75634424805917,0.0,0.0,0.0,1218226.2582739044
6,1996-12-30,20105.76560203483,1092864.1411100384,1138993.6964805042,20105.76560203483,20105.76560203483,54.575600719745964,54.575600719745964,54.575600719745964,54.575600719745964,54.575600719745964,54.575600719745964,0.0,0.0,0.0,1117390.0012634904
7,1997-12-31,19292.209769902754,1058072.0656841805,1102996.8434223891,19292.209769902754,19292.209769902754,55.00083871219558,55.00083871219558,55.00083871219558,55.00083871219558,55.00083871219558,55.00083871219558,0.0,0.0,0.0,1080379.927726168
8,1998-12-31,18848.86183089155,1030938.2213467386,1074609.41516025,18848.86183089155,18848.86183089155,54.898147760273666,54.898147760273666,54.898147760273666,54.898147760273666,54.898147760273666,54.898147760273666,0.0,0.0,0.0,1053616.4637361583
9,1999-12-31,14466.748173084874,781835.7520698458,829725.9903176455,14466.748173084874,14466.748173084874,54.75634424805856,54.75634424805856,54.75634424805856,54.75634424805856,54.75634424805856,54.75634424805856,0.0,0.0,0.0,806612.9912884925
10,2000-12-30,9687.533640038366,516548.3769232519,560898.0308454931,9687.533640038366,9687.533640038366,54.57560071974672,54.57560071974672,54.57560071974672,54.57560071974672,54.57560071974672,54.57560071974672,0.0,0.0,0.0,538390.5015378867
11,2001-12-31,9517.710342244267,511178.1144082649,555802.0618042103,9517.710342244267,9517.710342244267,55.00083871219625,55.00083871219625,55.00083871219625,55.00083871219625,55.00083871219625,55.00083871219625,0.0,0.0,0.0,532999.7617854234
12,2002-12-31,9917.727829567018,532006.3143211983,576884.5872175688,9917.727829567018,9917.727829567018,54.89814776027498,54.89814776027498,54.89814776027498,54.89814776027498,54.89814776027498,54.89814776027498,0.0,0.0,0.0,554382.6156633284
13,2003-12-31,13372.703033855323,723033.1906505274,768329.644667873,13372.703033855323,13372.703033855323,54.75634424806027,54.75634424806027,54.75634424806027,54.75634424806027,54.75634424806027,54.75634424806027,0.0,0.0,0.0,745613.0338827174
14,2004-12-30,13944.956728478783,753223.5756308858,799561.0311823467,13944.956728478783,13944.956728478783,54.57560071974516,54.57560071974516,54.57560071974516,54.57560071974516,54.57560071974516,54.57560071974516,0.0,0.0,0.0,774999.3471960606
15,2005-12-31,12118.020335054161,656531.9131714664,700597.4231341195,12118.020335054161,12118.020335054161,55.0008387121957,55.0008387121957,55.0008387121957,55.0008387121957,55.0008387121957,55.0008387121957,0.0,0.0,0.0,678619.3022944758
16,2006-12-31,9130.582338502027,489021.18435012526,531841.6789698978,9130.582338502027,9130.582338502027,54.89814776027322,54.89814776027322,54.89814776027322,54.89814776027322,54.89814776027322,54.89814776027322,0.0,0.0,0.0,510382.64069492725
17,2007-12-31,9871.272389247495,526845.832577781,571357.339072539,9871.272389247495,9871.272389247495,54.756344248059136,54.756344248059136,54.756344248059136,54.756344248059136,54.756344248059136,54.756344248059136,0.0,0.0,0.0,550386.0615012445
18,2008-12-30,10986.989357168493,589543.9285018299,631122.4035264993,10986.989357168493,10986.989357168493,54.575600719745296,54.575600719745296,54.575600719745296,54.575600719745296,54.575600719745296,54.575600719745296,0.0,0.0,0.0,610608.5336260872
19,2009-12-31,9207.350933232745,492247.1516758761,537995.4994114888,9207.350933232745,9207.350933232745,55.00083871219569,55.00083871219569,55.00083871219569,55.00083871219569,55.00083871219569,55.00083871219569,0.0,0.0,0.0,515619.3745785514
20,2010-12-31,3180.1726157971502,156736.74484889803,199581.91151052326,3180.1726157971502,3180.1726157971502,54.898147760273346,54.898147760273346,54.898147760273346,54.898147760273346,54.898147760273346,54.898147760273346,0.0,0.0,0.0,177765.75878100412
21,2011-12-31,3795.3242704978716,189749.6170165005,233139.2678836149,3795.3242704978716,3795.3242704978716,54.75634424805949,54.75634424805949,54.75634424805949,54.75634424805949,54.75634424805949,54.75634424805949,0.0,0.0,0.0,211613.40655889458
22,2012-12-30,4026.2152053025043,200380.57280830672,245028.47307483593,4026.2152053025043,4026.2152053025043,54.5756007197453,54.5756007197453,54.5756007197453,54.5756007197453,54.5756007197453,54.5756007197453,0.0,0.0,0.0,223759.32866165933
23,2013-12-31,3611.5130385747793,178584.25910748995,224898.7585637357,3611.5130385747793,3611.5130385747793,55.00083871219554,55.00083871219554,55.00083871219554,55.00083871219554,55.00083871219554,55.00083871219554,0.0,0.0,0.0,202247.75918021743
24,2014-12-31,3197.943937876365,155934.6897495073,202120.94743880682,3197.943937876365,3197.943937876365,54.898147760273964,54.898147760273964,54.898147760273964,54.898147760273964,54.898147760273964,54.898147760273964,0.0,0.0,0.0,178759.14276848544
25,2015-12-31,2784.3748371779493,132737.25854577715,177846.28755427484,2784.3748371779493,2784.3748371779493,54.75634424805816,54.75634424805816,54.75634424805816,54.75634424805816,54.75634424805816,54.75634424805816,0.0,0.0,0.0,155246.56193732464
26,2016-12-30,2370.8057364795354,110789.35831365852,153283.4430695756,2370.8057364795354,2370.8057364795354,54.57560071974484,54.57560071974484,54.57560071974484,54.57560071974484,54.57560071974484,54.57560071974484,0.0,0.0,0.0,131758.95299466726
27,2017-12-31,1956.1035697518087,86689.23980381273,130857.32583560678,1956.1035697518087,1956.1035697518087,55.00083871219559,55.00083871219559,55.00083871219559,55.00083871219559,55.00083871219559,55.00083871219559,0.0,0.0,0.0,109543.44051402107
28,2018-12-31,1542.5344690533946,62668.228337863446,110475.84224805637,1542.5344690533946,1542.5344690533946,54.89814776027392,54.89814776027392,54.89814776027392,54.89814776027392,54.89814776027392,54.89814776027392,0.0,0.0,0.0,86224.81967646233
29,2019-12-31,1128.9653683549805,-213932.19736552375,304422.54204699694,-3892.1011409098764,5547.045308717754,54.756344248059115,54.756344248059115,54.756344248059115,54.756344248059115,54.756344248059115,54.756344248059115,0.0,0.0,0.0,62946.981722137156
30,2020-12-31,714.2632016272539,-766396.5258583382,766983.05957681,-13612.5075757003,13430.600556562405,55.06429216633671,55.06429216633671,55.06429216633671,55.06429216633671,55.06429216633671,55.06429216633671,0.0,0.0,0.0,40044.66081969343
31,2021-12-31,300.6941009288398,-1291913.260748131,1361472.6476755422,-23181.122951382826,24391.89429925734,55.00083871219523,55.00083871219523,55.00083871219523,55.00083871219523,55.00083871219523,55.00083871219523,0.0,0.0,0.0,16839.121847824514
32,2022-12-31,-112.8749997695743,-1983602.651423042,1986016.827343372,-35819.982148170566,35287.860685471336,54.898147760273936,54.898147760273936,54.898147760273936,54.898147760273936,54.898147760273936,54.898147760273936,0.0,0.0,0.0,-6309.503415560551
33,2023-12-31,-526.4441004679901,-2641399.845686438,2663939.135360989,-47386.083820562206,47953.33189441922,54.75634424805874,54.75634424805874,54.75634424805874,54.75634424805874,54.75634424805874,54.75634424805874,0.0,0.0,0.0,-29352.598493052876
34,2024-12-31,-941.1462671957149,-3382923.092366678,3479507.181642922,-60631.2913260654,62379.38794233401,55.06429216633694,55.06429216633694,55.06429216633694,55.06429216633694,55.06429216633694,55.06429216633694,0.0,0.0,0.0,-52764.69929531797
35,2025-12-31,-1354.715367894129,-4378040.842142416,4377373.0783503475,-77907.90709316722,78148.43082445514,55.00083871219556,55.00083871219556,55.00083871219556,55.00083871219556,55.00083871219556,55.00083871219556,0.0,0.0,0.0,-75865.19681837178
36,2026-12-31,-1768.284468592545,-5313394.0638569705,5459075.040310904,-95307.39140555268,97630.80624733667,54.898147760273886,54.898147760273886,54.898147760273886,54.898147760273886,54.898147760273886,54.898147760273886,0.0,0.0,0.0,-98843.82650758346
37,2027-12-31,-2181.853569290959,-6362866.2533657905,6177107.710484958,-114093.1437661165,111015.71113904468,54.756344248058284,54.756344248058284,54.756344248058284,54.756344248058284,54.756344248058284,54.756344248058284,0.0,0.0,0.0,-121652.1787082414
38,2028-12-31,-2596.555736018684,-7772220.280024802,7110345.166504128,-138763.0017672889,126611.38076274678,55.06429216633698,55.06429216633698,55.06429216633698,55.06429216633698,55.06429216633698,55.06429216633698,0.0,0.0,0.0,-145574.05941032968
39,2029-12-31,-3010.1248367170997,-9120511.376621243,8325567.327696689,-162880.24434809768,148563.5331262768,55.000838712194806,55.000838712194806,55.000838712194806,55.000838712194806,55.000838712194806,55.000838712194806,0.0,0.0,0.0,-168569.515484566
40,2030-12-31,-3423.6939374155154,-10418751.567871245,9558075.999522015,-186210.23191046919,170942.35058283398,54.89814776027546,54.89814776027546,54.89814776027546,54.89814776027546,54.89814776027546,54.89814776027546,0.0,0.0,0.0,-191378.14959961176
41,2031-12-31,-3837.263038113928,-11831414.357746866,10362831.050074669,-212129.1862111406,186210.39737736448,54.75634424806068,54.75634424806068,54.75634424806068,54.75634424806068,54.75634424806068,54.75634424806068,0.0,0.0,0.0,-213951.75892343934
42,2032-12-31,-4251.9652048416565,-13234636.416639306,12170240.758726079,-236106.60475239184,217473.19319936735,55.06429216633738,55.06429216633738,55.06429216633738,55.06429216633738,55.06429216633738,55.06429216633738,0.0,0.0,0.0,-238383.4195253432
43,2033-12-31,-4665.534305540069,-14986964.50228646,13405116.084146753,-267865.68912746734,239244.8306334236,55.00083871219714,55.00083871219714,55.00083871219714,55.00083871219714,55.00083871219714,55.00083871219714,0.0,0.0,0.0,-261273.83415077208
44,2034-12-31,-5079.103406238481,-16684817.793060545,14386930.62483813,-297999.7877699413,256992.20498210756,54.89814776027505,54.89814776027505,54.89814776027505,54.89814776027505,54.89814776027505,54.89814776027505,0.0,0.0,0.0,-283912.4726916349
