,ds,trend,yhat_lower,yhat_upper,trend_lower,trend_upper,multiplicative_terms,multiplicative_terms_lower,multiplicative_terms_upper,yearly,yearly_lower,yearly_upper,additive_terms,additive_terms_lower,additive_terms_upper,yhat
0,1990-12-31,-27903.149171928373,-46545.37595430545,14398.57089878197,-27903.149171928373,-27903.149171928373,-0.43407539650160093,-0.43407539650160093,-0.43407539650160093,-0.43407539650160093,-0.43407539650160093,-0.43407539650160093,0.0,0.0,0.0,-15791.078631480248
1,1991-12-31,-24502.133108805054,-44059.20780382849,18141.628475610716,-24502.133108805054,-24502.133108805054,-0.5134519591190376,-0.5134519591190376,-0.5134519591190376,-0.5134519591190376,-0.5134519591190376,-0.5134519591190376,0.0,0.0,0.0,-11921.464861493663
2,1992-12-30,-21101.11704589933,-39749.270426755545,23078.07212281537,-21101.11704589933,-21101.11704589933,-0.5927284112641276,-0.5927284112641276,-0.5927284112641276,-0.5927284112641276,-0.5927284112641276,-0.5927284112641276,0.0,0.0,0.0,-8593.885463385019
3,1993-12-31,-17690.783131548513,-42671.311891225814,21087.72115767747,-17690.783131548513,-17690.783131548513,-0.3546953435785207,-0.3546953435785207,-0.3546953435785207,-0.3546953435785207,-0.3546953435785207,-0.3546953435785207,0.0,0.0,0.0,-11415.944730530815
4,1994-12-31,-14289.767070872389,-39807.083236799226,21301.174289962055,-14289.767070872389,-14289.767070872389,-0.43407539650174704,-0.43407539650174704,-0.43407539650174704,-0.43407539650174704,-0.43407539650174704,-0.43407539650174704,0.0,0.0,0.0,-8086.93076366585
5,1995-12-31,-10888.751009573512,-34337.370616553104,26894.4657729697,-10888.751009573512,-10888.751009573512,-0.5134519591190094,-0.5134519591190094,-0.5134519591190094,-0.5134519591190094,-0.5134519591190094,-0.5134519591190094,0.0,0.0,0.0,-5297.9004713489
6,1996-12-30,-7487.7349500286,-33446.05648726774,27288.09114207855,-7487.7349500286,-7487.7349500286,-0.5927284112639635,-0.5927284112639635,-0.5927284112639635,-0.5927284112639635,-0.5927284112639635,-0.5927284112639635,0.0,0.0,0.0,-3049.541709132495
7,1997-12-31,-4077.4010366260654,-34052.86068173948,28398.05204872844,-4077.4010366260654,-4077.4010366260654,-0.35469534357864796,-0.35469534357864796,-0.35469534357864796,-0.35469534357864796,-0.35469534357864796,-0.35469534357864796,0.0,0.0,0.0,-2631.165875032048
8,1998-12-31,-676.3849752645699,-31047.381705164673,32773.15386483303,-676.3849752645699,-676.3849752645699,-0.43407539650175964,-0.43407539650175964,-0.43407539650175964,-0.43407539650175964,-0.43407539650175964,-0.43407539650175964,0.0,0.0,0.0,-382.7828989387688
9,1999-12-31,2724.6310875221247,-28830.106384233073,31325.331892269107,2724.6310875221247,2724.6310875221247,-0.5134519591193095,-0.5134519591193095,-0.5134519591193095,-0.5134519591193095,-0.5134519591193095,-0.5134519591193095,0.0,0.0,0.0,1325.6639177565148
10,2000-12-30,6125.647150500865,-28770.145420079658,34046.86547302147,6125.647150500865,6125.647150500865,-0.5927284112636602,-0.5927284112636602,-0.5927284112636602,-0.5927284112636602,-0.5927284112636602,-0.5927284112636602,0.0,0.0,0.0,2494.80204702272
11,2001-12-31,9535.981065536456,-23027.88914738886,34917.960765166186,9535.981065536456,9535.981065536456,-0.3546953435780165,-0.3546953435780165,-0.3546953435780165,-0.3546953435780165,-0.3546953435780165,-0.3546953435780165,0.0,0.0,0.0,6153.612985142543
12,2002-12-31,12936.997126660772,-22747.72241514497,38650.03964086823,12936.997126660772,12936.997126660772,-0.4340753965009082,-0.4340753965009082,-0.4340753965009082,-0.4340753965009082,-0.4340753965009082,-0.4340753965009082,0.0,0.0,0.0,7321.364969374387
13,2003-12-31,16338.013190204558,-22185.946946204873,37742.8344052133,16338.013190204558,16338.013190204558,-0.513451959118464,-0.513451959118464,-0.513451959118464,-0.513451959118464,-0.513451959118464,-0.513451959118464,0.0,0.0,0.0,7949.228309590722
14,2004-12-30,19739.029255342306,-25128.8779879633,40104.06108382913,19739.029255342306,19739.029255342306,-0.5927284112642768,-0.5927284112642768,-0.5927284112642768,-0.5927284112642768,-0.5927284112642768,-0.5927284112642768,0.0,0.0,0.0,8039.145804924181
15,2005-12-31,23149.363174250848,-17438.165011019493,44180.23405965328,23149.363174250848,23149.363174250848,-0.35469534357853183,-0.35469534357853183,-0.35469534357853183,-0.35469534357853183,-0.35469534357853183,-0.35469534357853183,0.0,0.0,0.0,14938.391849535732
16,2006-12-31,26551.370473958104,-17029.779532448705,47664.01875368283,26551.370473958104,26551.370473958104,-0.43407539650205185,-0.43407539650205185,-0.43407539650205185,-0.43407539650205185,-0.43407539650205185,-0.43407539650205185,0.0,0.0,0.0,15026.073807801868
17,2007-12-31,29953.377772064694,-14604.707351868881,44644.08931064305,29953.377772064694,29953.377772064694,-0.5134519591190226,-0.5134519591190226,-0.5134519591190226,-0.5134519591190226,-0.5134519591190226,-0.5134519591190226,0.0,0.0,0.0,14573.757272765892
18,2008-12-30,33355.38506860985,-18411.366271252195,44934.27919184717,33355.38506860985,33355.38506860985,-0.5927284112642252,-0.5927284112642252,-0.5927284112642252,-0.5927284112642252,-0.5927284112642252,-0.5927284112642252,0.0,0.0,0.0,13584.700669786276
19,2009-12-31,36766.71293274969,-7429.423183138859,54449.510831430816,36766.71293274969,36766.71293274969,-0.3546953435785445,-0.3546953435785445,-0.3546953435785445,-0.3546953435785445,-0.3546953435785445,-0.3546953435785445,0.0,0.0,0.0,23725.731056814322
20,2010-12-31,40168.72031144959,-6492.869109020148,54637.43646491716,40168.72031144959,40168.72031144959,-0.43407539650196636,-0.43407539650196636,-0.43407539650196636,-0.43407539650196636,-0.43407539650196636,-0.43407539650196636,0.0,0.0,0.0,22732.46711528052
21,2011-12-31,43570.72769268562,-10185.538938642192,50609.65698661672,43570.72769268562,43570.72769268562,-0.5134519591188557,-0.5134519591188557,-0.5134519591188557,-0.5134519591188557,-0.5134519591188557,-0.5134519591188557,0.0,0.0,0.0,21199.25219864201
22,2012-12-30,46972.73507496988,-14023.733481488582,50648.433257389566,46972.73507496988,46972.73507496988,-0.5927284112642207,-0.5927284112642207,-0.5927284112642207,-0.5927284112642207,-0.5927284112642207,-0.5927284112642207,0.0,0.0,0.0,19130.66044124785
23,2013-12-31,50384.063024162286,2706.136403727948,61776.37091063596,50384.063024162286,50384.063024162286,-0.35469534357869126,-0.35469534357869126,-0.35469534357869126,-0.35469534357869126,-0.35469534357869126,-0.35469534357869126,0.0,0.0,0.0,32513.07047891661
24,2014-12-31,53786.0704051875,-1796.9529527741556,60345.8643492578,53786.0704051875,53786.0704051875,-0.4340753965015691,-0.4340753965015691,-0.4340753965015691,-0.4340753965015691,-0.4340753965015691,-0.4340753965015691,0.0,0.0,0.0,30438.860567794425
25,2015-12-31,57188.077786212714,-2586.887548175142,58232.82444233312,57188.077786212714,57188.077786212714,-0.5134519591195073,-0.5134519591195073,-0.5134519591195073,-0.5134519591195073,-0.5134519591195073,-0.5134519591195073,0.0,0.0,0.0,27824.747208603025
26,2016-12-30,60590.08516723793,-7596.073952877717,58707.533019019036,60590.08516723793,60590.08516723793,-0.5927284112644021,-0.5927284112644021,-0.5927284112644021,-0.5927284112644021,-0.5927284112644021,-0.5927284112644021,0.0,0.0,0.0,24676.620247686176
27,2017-12-31,64001.41311643034,10767.331955624692,70764.33498288812,64001.41311643034,64001.41311643034,-0.35469534357864574,-0.35469534357864574,-0.35469534357864574,-0.35469534357864574,-0.35469534357864574,-0.35469534357864574,0.0,0.0,0.0,41300.40990157924
28,2018-12-31,67403.42049745555,4552.149131815977,68906.33180925566,67403.42049745555,67403.42049745555,-0.4340753965015941,-0.4340753965015941,-0.4340753965015941,-0.4340753965015941,-0.4340753965015941,-0.4340753965015941,0.0,0.0,0.0,38145.25401945886
29,2019-12-31,70805.42787848077,4690.5877046540645,65018.17764958579,70805.35389607657,70805.48976260565,-0.5134519591190332,-0.5134519591190332,-0.5134519591190332,-0.5134519591190332,-0.5134519591190332,-0.5134519591190332,0.0,0.0,0.0,34450.24221801341
30,2020-12-31,74216.75582767317,20036.953444495743,83942.52063874103,74216.54902914178,74216.93030560564,-0.27540825730941887,-0.27540825730941887,-0.27540825730941887,-0.27540825730941887,-0.27540825730941887,-0.27540825730941887,0.0,0.0,0.0,53776.84844201505
31,2021-12-31,77618.7632086984,18667.61411057813,81629.88114545232,77618.38906875228,77619.09343732076,-0.354695343578988,-0.354695343578988,-0.354695343578988,-0.354695343578988,-0.354695343578988,-0.354695343578988,0.0,0.0,0.0,50087.749324213
32,2022-12-31,81020.7705897236,12286.486515320068,75898.75218334908,81020.22164449534,81021.27338321814,-0.43407539650158866,-0.43407539650158866,-0.43407539650158866,-0.43407539650158866,-0.43407539650158866,-0.43407539650158866,0.0,0.0,0.0,45851.64747112508
33,2023-12-31,84422.77797074884,7557.901778847111,70354.7448867794,84422.04891251847,84423.50054066032,-0.5134519591192249,-0.5134519591192249,-0.5134519591192249,-0.5134519591192249,-0.5134519591192249,-0.5134519591192249,0.0,0.0,0.0,41075.7372273805
34,2024-12-31,87834.10591994123,33718.84339057707,94185.39075649065,87833.16494844871,87835.10008598428,-0.2754082573090293,-0.2754082573090293,-0.2754082573090293,-0.2754082573090293,-0.2754082573090293,-0.2754082573090293,0.0,0.0,0.0,63643.86787623352
35,2025-12-31,91236.11330096645,27526.203643745073,87348.82712235072,91234.9529527818,91237.31997091825,-0.35469534357867116,-0.35469534357867116,-0.35469534357867116,-0.35469534357867116,-0.35469534357867116,-0.35469534357867116,0.0,0.0,0.0,58875.088746897585
36,2026-12-31,94638.12068199167,23517.627279082157,83019.83145653403,94636.69074839214,94639.60231094778,-0.4340753965016193,-0.4340753965016193,-0.4340753965016193,-0.4340753965016193,-0.4340753965016193,-0.4340753965016193,0.0,0.0,0.0,53558.04092278804
37,2027-12-31,98040.12806301689,16876.433749124844,76528.47188798565,98038.43195653622,98041.92104459536,-0.5134519591194462,-0.5134519591194462,-0.5134519591194462,-0.5134519591194462,-0.5134519591194462,-0.5134519591194462,0.0,0.0,0.0,47701.23223673947
38,2028-12-31,101451.45601220928,44022.29623096535,108100.1231451659,101449.51039190237,101453.54371706588,-0.2754082573089347,-0.2754082573089347,-0.2754082573089347,-0.2754082573089347,-0.2754082573089347,-0.2754082573089347,0.0,0.0,0.0,73510.88731043268
39,2029-12-31,104853.46339323452,37677.95074703067,98542.36059099091,104851.19944773211,104856.02015876335,-0.3546953435793987,-0.3546953435793987,-0.3546953435793987,-0.3546953435793987,-0.3546953435793987,-0.3546953435793987,0.0,0.0,0.0,67662.4281694813
40,2030-12-31,108255.47077425972,31661.11232202124,91681.23646280661,108252.91970318378,108258.34735795253,-0.4340753965005971,-0.4340753965005971,-0.4340753965005971,-0.4340753965005971,-0.4340753965005971,-0.4340753965005971,0.0,0.0,0.0,61264.43437456413
41,2031-12-31,111657.47815528493,21401.495909564128,88176.51781174891,111654.56310765847,111660.86004709297,-0.5134519591182637,-0.5134519591182637,-0.5134519591182637,-0.5134519591182637,-0.5134519591182637,-0.5134519591182637,0.0,0.0,0.0,54326.72724624915
42,2032-12-31,115068.80610447735,51748.50385813802,111888.91666442543,115065.4974316304,115072.52106670197,-0.27540825730822194,-0.27540825730822194,-0.27540825730822194,-0.27540825730822194,-0.27540825730822194,-0.27540825730822194,0.0,0.0,0.0,83377.90674470556
43,2033-12-31,118470.81348550257,44404.146792862855,106690.58280415999,118467.05669457276,118475.02527728793,-0.3546953435771646,-0.3546953435771646,-0.3546953435771646,-0.3546953435771646,-0.3546953435771646,-0.3546953435771646,0.0,0.0,0.0,76449.76759239605
44,2034-12-31,121872.82086652776,39383.153732231265,99218.7568650511,121868.67498758958,121877.42580083356,-0.43407539650085675,-0.43407539650085675,-0.43407539650085675,-0.43407539650085675,-0.43407539650085675,-0.43407539650085675,0.0,0.0,0.0,68970.82782621183
