,ds,trend,yhat_lower,yhat_upper,trend_lower,trend_upper,multiplicative_terms,multiplicative_terms_lower,multiplicative_terms_upper,yearly,yearly_lower,yearly_upper,additive_terms,additive_terms_lower,additive_terms_upper,yhat
0,1990-12-31,12487580.168775767,-1336149.122801566,36213280.37069019,12487580.168775767,12487580.168775767,0.3650153679788302,0.3650153679788302,0.3650153679788302,0.3650153679788302,0.3650153679788302,0.3650153679788302,0.0,0.0,0.0,17045738.839246597
1,1991-12-31,12722222.834732398,-2890294.938509819,36326324.46707216,12722222.834732398,12722222.834732398,0.374731955706077,0.374731955706077,0.374731955706077,0.374731955706077,0.374731955706077,0.374731955706077,0.0,0.0,0.0,17489646.27852018
2,1992-12-30,12956865.500424571,-1860299.5780542842,35735079.12819835,12956865.500424571,12956865.500424571,0.38414688740217756,0.38414688740217756,0.38414688740217756,0.38414688740217756,0.38414688740217756,0.38414688740217756,0.0,0.0,0.0,17934205.052901328
3,1993-12-31,13192151.022666223,-1432758.925325117,36893344.22653197,13192151.022666223,13192151.022666223,0.35500895476092764,0.35500895476092764,0.35500895476092764,0.35500895476092764,0.35500895476092764,0.35500895476092764,0.0,0.0,0.0,17875482.768271264
4,1994-12-31,13426793.68855209,-76139.37472077992,38063385.33743554,13426793.68855209,13426793.68855209,0.36501536797884837,0.36501536797884837,0.36501536797884837,0.36501536797884837,0.36501536797884837,0.36501536797884837,0.0,0.0,0.0,18327779.72755501
5,1995-12-31,13661436.354670865,987701.8665020613,36742137.19224916,13661436.354670865,13661436.354670865,0.3747319557060736,0.3747319557060736,0.3747319557060736,0.3747319557060736,0.3747319557060736,0.3747319557060736,0.0,0.0,0.0,18780813.11761073
6,1996-12-30,13896079.020792555,155975.9716639841,37608651.92707869,13896079.020792555,13896079.020792555,0.3841468874021584,0.3841468874021584,0.3841468874021584,0.3841468874021584,0.3841468874021584,0.3841468874021584,0.0,0.0,0.0,19234214.523724448
7,1997-12-31,14131364.54343552,802550.7882791408,38139504.17914662,14131364.54343552,14131364.54343552,0.35500895476094385,0.35500895476094385,0.35500895476094385,0.35500895476094385,0.35500895476094385,0.35500895476094385,0.0,0.0,0.0,19148125.499346428
8,1998-12-31,14366007.209726846,397374.1056689263,39457363.84087859,14366007.209726846,14366007.209726846,0.36501536797885004,0.36501536797885004,0.36501536797885004,0.36501536797885004,0.36501536797885004,0.36501536797885004,0.0,0.0,0.0,19609820.617772106
9,1999-12-31,14600649.87610058,671832.0357100961,38963713.311153546,14600649.87610058,14600649.87610058,0.37473195570610973,0.37473195570610973,0.37473195570610973,0.37473195570610973,0.37473195570610973,0.37473195570610973,0.0,0.0,0.0,20071979.958751917
10,2000-12-30,14835292.542354573,2179466.877347539,40521827.68485004,14835292.542354573,14835292.542354573,0.384146887402123,0.384146887402123,0.384146887402123,0.384146887402123,0.384146887402123,0.384146887402123,0.0,0.0,0.0,20534223.99620001
11,2001-12-31,15070578.06496858,-212302.3400062588,40051912.892474756,15070578.06496858,15070578.06496858,0.355008954760863,0.355008954760863,0.355008954760863,0.355008954760863,0.355008954760863,0.355008954760863,0.0,0.0,0.0,20420768.231455065
12,2002-12-31,15305220.731099365,2737406.9153125472,39801683.46084006,15305220.731099365,15305220.731099365,0.36501536797874423,0.36501536797874423,0.36501536797874423,0.36501536797874423,0.36501536797874423,0.36501536797874423,0.0,0.0,0.0,20891861.508257505
13,2003-12-31,15539863.396947294,2035514.1334881831,40492481.66938771,15539863.396947294,15539863.396947294,0.37473195570600776,0.37473195570600776,0.37473195570600776,0.37473195570600776,0.37473195570600776,0.37473195570600776,0.0,0.0,0.0,21363146.79908956
14,2004-12-30,15774506.062937504,2018104.5119272056,41018949.84350667,15774506.062937504,15774506.062937504,0.38414688740219505,0.38414688740219505,0.38414688740219505,0.38414688740219505,0.38414688740219505,0.38414688740219505,0.0,0.0,0.0,21834233.467322003
15,2005-12-31,16009791.585584227,3600302.2912699934,41738326.390458494,16009791.585584227,16009791.585584227,0.3550089547609289,0.3550089547609289,0.3550089547609289,0.3550089547609289,0.3550089547609289,0.3550089547609289,0.0,0.0,0.0,21693410.962322798
16,2006-12-31,16244434.229251694,4978816.487363903,40550406.11627309,16244434.229251694,16244434.229251694,0.36501536797888634,0.36501536797888634,0.36501536797888634,0.36501536797888634,0.36501536797888634,0.36501536797888634,0.0,0.0,0.0,22173902.36705082
17,2007-12-31,16479074.838384895,2886345.5080308276,41974266.50193033,16479074.838384895,16479074.838384895,0.37473195570607515,0.37473195570607515,0.37473195570607515,0.37473195570607515,0.37473195570607515,0.37473195570607515,0.0,0.0,0.0,22654310.78079964
18,2008-12-30,16713715.447376657,4762262.3170586,41434763.531198926,16713715.447376657,16713715.447376657,0.38414688740218905,0.38414688740218905,0.38414688740218905,0.38414688740218905,0.38414688740218905,0.38414688740218905,0.0,0.0,0.0,23134237.213412285
19,2009-12-31,16948998.907447524,3715312.054627737,42574251.18510844,16948998.907447524,16948998.907447524,0.35500895476093053,0.35500895476093053,0.35500895476093053,0.35500895476093053,0.35500895476093053,0.35500895476093053,0.0,0.0,0.0,22966045.293824624
20,2010-12-31,17183639.516506378,4381868.826327649,42665626.19409603,17183639.516506378,17183639.516506378,0.3650153679788758,0.3650153679788758,0.3650153679788758,0.3650153679788758,0.3650153679788758,0.3650153679788758,0.0,0.0,0.0,23455932.017840307
21,2011-12-31,17418280.12547463,5243720.154964835,42504609.26796609,17418280.12547463,17418280.12547463,0.374731955706055,0.374731955706055,0.374731955706055,0.374731955706055,0.374731955706055,0.374731955706055,0.0,0.0,0.0,23945466.30192965
22,2012-12-30,17652920.734438255,5432355.5341773555,43801478.78969688,17652920.734438255,17652920.734438255,0.3841468874021884,0.3841468874021884,0.3841468874021884,0.3841468874021884,0.3841468874021884,0.3841468874021884,0.0,0.0,0.0,24434235.28813027
23,2013-12-31,17888204.194530006,5696381.600122096,42291085.216931485,17888204.194530006,17888204.194530006,0.3550089547609495,0.3550089547609495,0.3550089547609495,0.3550089547609495,0.3550089547609495,0.3550089547609495,0.0,0.0,0.0,24238676.86818054
24,2014-12-31,18122844.8036379,5325071.742722771,43376692.810460076,18122844.8036379,18122844.8036379,0.3650153679788262,0.3650153679788262,0.3650153679788262,0.3650153679788262,0.3650153679788262,0.3650153679788262,0.0,0.0,0.0,24737961.668460947
25,2015-12-31,18357485.412745796,6173481.508650017,44435778.08626719,18357485.412745796,18357485.412745796,0.37473195570613355,0.37473195570613355,0.37473195570613355,0.37473195570613355,0.37473195570613355,0.37473195570613355,0.0,0.0,0.0,25236621.823310845
26,2016-12-30,18592126.02185369,7791350.564351003,43927909.317563094,18592126.02185369,18592126.02185369,0.3841468874022099,0.3841468874022099,0.3841468874022099,0.3841468874022099,0.3841468874022099,0.3841468874022099,0.0,0.0,0.0,25734233.363338415
27,2017-12-31,18827409.481945444,6791605.693717982,44258200.4587648,18827409.481945444,18827409.481945444,0.3550089547609435,0.3550089547609435,0.3550089547609435,0.3550089547609435,0.3550089547609435,0.3550089547609435,0.0,0.0,0.0,25511308.44298717
28,2018-12-31,19062050.091053337,6548130.355133089,46307317.625365295,19062050.091053337,19062050.091053337,0.36501536797882933,0.36501536797882933,0.36501536797882933,0.36501536797882933,0.36501536797882933,0.36501536797882933,0.0,0.0,0.0,26019991.319470048
29,2019-12-31,19296690.700161234,8061717.944490661,45955042.825617015,19296690.554102294,19296690.882085595,0.3747319557060765,0.3747319557060765,0.3747319557060765,0.3747319557060765,0.3747319557060765,0.3747319557060765,0.0,0.0,0.0,26527777.34488791
30,2020-12-31,19531974.16025299,7228428.948955662,45535602.38954317,19531973.682000596,19531974.63094639,0.34472491565999686,0.34472491565999686,0.34472491565999686,0.34472491565999686,0.34472491565999686,0.34472491565999686,0.0,0.0,0.0,26265132.30531944
31,2021-12-31,19766614.769360878,5629086.102136577,43570971.57855299,19766613.835683357,19766615.60725143,0.35500895476098765,0.35500895476098765,0.35500895476098765,0.35500895476098765,0.35500895476098765,0.35500895476098765,0.0,0.0,0.0,26783940.017794784
32,2022-12-31,20001255.378468774,7584997.221010729,47217279.660419635,20001254.00811253,20001256.60391169,0.36501536797882883,0.36501536797882883,0.36501536797882883,0.36501536797882883,0.36501536797882883,0.36501536797882883,0.0,0.0,0.0,27302020.970479082
33,2023-12-31,20235895.98757667,8604499.466150183,46892675.735387966,20235894.21575397,20235897.80082116,0.37473195570609946,0.37473195570609946,0.37473195570609946,0.37473195570609946,0.37473195570609946,0.37473195570609946,0.0,0.0,0.0,27818932.86646649
34,2024-12-31,20471179.44766842,8806202.451604454,47093318.5347819,20471177.15313317,20471181.81931994,0.3447249156599452,0.3447249156599452,0.3447249156599452,0.3447249156599452,0.3447249156599452,0.3447249156599452,0.0,0.0,0.0,27528105.05622552
35,2025-12-31,20705820.056776315,9818844.913540395,46360123.18107515,20705817.24782639,20705823.07886981,0.35500895476094674,0.35500895476094674,0.35500895476094674,0.35500895476094674,0.35500895476094674,0.35500895476094674,0.0,0.0,0.0,28056571.592600722
36,2026-12-31,20940460.665884208,10053350.612889258,48992949.51718561,20940457.24917457,20940464.170787532,0.36501536797883244,0.36501536797883244,0.36501536797883244,0.36501536797883244,0.36501536797883244,0.36501536797883244,0.0,0.0,0.0,28584050.6214882
37,2027-12-31,21175101.27499211,11338914.024615966,46640876.71766448,21175097.145610154,21175105.368747216,0.37473195570612616,0.37473195570612616,0.37473195570612616,0.37473195570612616,0.37473195570612616,0.37473195570612616,0.0,0.0,0.0,29110088.388045188
38,2028-12-31,21410384.735083856,10640974.726602642,48608993.554398306,21410379.87725446,21410389.364106867,0.34472491565993335,0.34472491565993335,0.34472491565993335,0.34472491565993335,0.34472491565993335,0.34472491565993335,0.0,0.0,0.0,28791077.807132363
39,2029-12-31,21645025.344191752,10042999.77162034,47950317.88491554,21645019.850930765,21645030.788842242,0.35500895476103983,0.35500895476103983,0.35500895476103983,0.35500895476103983,0.35500895476103983,0.35500895476103983,0.0,0.0,0.0,29329203.167409483
40,2030-12-31,21879665.953299645,10917513.809587115,49235291.848951645,21879659.795234155,21879672.13619494,0.36501536797870565,0.36501536797870565,0.36501536797870565,0.36501536797870565,0.36501536797870565,0.36501536797870565,0.0,0.0,0.0,29866080.272494473
41,2031-12-31,22114306.562407542,11659024.305639641,49528423.43775119,22114299.506725166,22114313.457952105,0.3747319557059836,0.3747319557059836,0.3747319557059836,0.3747319557059836,0.3747319557059836,0.3747319557059836,0.0,0.0,0.0,30401243.90962019
42,2032-12-31,22349590.022499293,11036976.29689318,49165042.88054356,22349582.140132096,22349597.482162032,0.34472491565983976,0.34472491565983976,0.34472491565983976,0.34472491565983976,0.34472491565983976,0.34472491565983976,0.0,0.0,0.0,30054050.55803736
43,2033-12-31,22584230.63160719,11962036.22486058,48376313.6772236,22584222.106231164,22584238.813752525,0.35500895476075434,0.35500895476075434,0.35500895476075434,0.35500895476075434,0.35500895476075434,0.35500895476075434,0.0,0.0,0.0,30601834.742209867
44,2034-12-31,22818871.240715083,12227578.610551473,48572623.92783757,22818861.6907868,22818880.032620918,0.3650153679787378,0.3650153679787378,0.3650153679787378,0.3650153679787378,0.3650153679787378,0.3650153679787378,0.0,0.0,0.0,31148109.923504137
