,ds,trend,yhat_lower,yhat_upper,trend_lower,trend_upper,multiplicative_terms,multiplicative_terms_lower,multiplicative_terms_upper,yearly,yearly_lower,yearly_upper,additive_terms,additive_terms_lower,additive_terms_upper,yhat
0,1990-12-31,14371940.075338895,10183986.125202348,27647334.290906258,14371940.075338895,14371940.075338895,0.3290444514409397,0.3290444514409397,0.3290444514409397,0.3290444514409397,0.3290444514409397,0.3290444514409397,0.0,0.0,0.0,19100947.213570837
1,1991-12-31,13795113.74341377,9541640.87350061,26647584.394688036,13795113.74341377,13795113.74341377,0.3354653917707794,0.3354653917707794,0.3354653917707794,0.3354653917707794,0.3354653917707794,0.3354653917707794,0.0,0.0,0.0,18422896.979870535
2,1992-12-30,13218287.411538316,9171776.51080107,26836262.73007574,13218287.411538316,13218287.411538316,0.34184369415817517,0.34184369415817517,0.34184369415817517,0.34184369415817517,0.34184369415817517,0.34184369415817517,0.0,0.0,0.0,17736875.61074308
3,1993-12-31,12639880.733573794,8262260.774563835,25259821.41954979,12639880.733573794,12639880.733573794,0.3225886853254637,0.3225886853254637,0.3225886853254637,0.3225886853254637,0.3225886853254637,0.3225886853254637,0.0,0.0,0.0,16717363.242088022
4,1994-12-31,12063054.401730506,7818369.136510123,25209302.802776206,12063054.401730506,12063054.401730506,0.32904445144095146,0.32904445144095146,0.32904445144095146,0.32904445144095146,0.32904445144095146,0.32904445144095146,0.0,0.0,0.0,16032335.520050274
5,1995-12-31,11486228.069897814,6458492.200481173,24274955.33997978,11486228.069897814,11486228.069897814,0.33546539177077717,0.33546539177077717,0.33546539177077717,0.33546539177077717,0.33546539177077717,0.33546539177077717,0.0,0.0,0.0,15339460.069334583
6,1996-12-30,10909401.737839,5857956.520655069,23138487.268642716,10909401.737839,10909401.737839,0.34184369415816207,0.34184369415816207,0.34184369415816207,0.34184369415816207,0.34184369415816207,0.34184369415816207,0.0,0.0,0.0,14638711.928957356
7,1997-12-31,10330995.059782095,4380618.14105414,22387263.634461503,10330995.059782095,10330995.059782095,0.3225886853254741,0.3225886853254741,0.3225886853254741,0.3225886853254741,0.3225886853254741,0.3225886853254741,0.0,0.0,0.0,13663657.174221167
8,1998-12-31,9754168.728090908,3865923.487630443,21454240.79604615,9754168.728090908,9754168.728090908,0.3290444514409524,0.3290444514409524,0.3290444514409524,0.3290444514409524,0.3290444514409524,0.3290444514409524,0.0,0.0,0.0,12963723.826488072
9,1999-12-31,9177342.396588165,3200471.0457182624,21379793.95507496,9177342.396588165,9177342.396588165,0.3354653917708015,0.3354653917708015,0.3354653917708015,0.3354653917708015,0.3354653917708015,0.3354653917708015,0.0,0.0,0.0,12256023.1590744
10,2000-12-30,8600516.06483275,3396076.86124456,20743653.11730802,8600516.06483275,8600516.06483275,0.34184369415813765,0.34184369415813765,0.34184369415813765,0.34184369415813765,0.34184369415813765,0.34184369415813765,0.0,0.0,0.0,11540548.248101586
11,2001-12-31,8022109.387128344,1550585.284492601,19354272.59206976,8022109.387128344,8022109.387128344,0.3225886853254228,0.3225886853254228,0.3225886853254228,0.3225886853254228,0.3225886853254228,0.3225886853254228,0.0,0.0,0.0,10609951.107858809
12,2002-12-31,7445283.0555252815,1359547.39789967,18987897.683119226,7445283.0555252815,7445283.0555252815,0.3290444514408834,0.3290444514408834,0.3290444514408834,0.3290444514408834,0.3290444514408834,0.3290444514408834,0.0,0.0,0.0,9895112.134352703
13,2003-12-31,6868456.723824669,400900.4002283873,18152734.356257133,6868456.723824669,6868456.723824669,0.33546539177073326,0.33546539177073326,0.33546539177073326,0.33546539177073326,0.33546539177073326,0.33546539177073326,0.0,0.0,0.0,9172586.249542838
14,2004-12-30,6291630.39212403,341924.7573589162,16983940.22630663,6291630.39212403,6291630.39212403,0.34184369415818716,0.34184369415818716,0.34184369415818716,0.34184369415818716,0.34184369415818716,0.34184369415818716,0.0,0.0,0.0,8442384.567645632
15,2005-12-31,5713223.714130972,-1386657.4099838918,16647086.590552984,5713223.714130972,5713223.714130972,0.3225886853254648,0.3225886853254648,0.3225886853254648,0.3225886853254648,0.3225886853254648,0.3225886853254648,0.0,0.0,0.0,7556245.041042752
16,2006-12-31,5136614.731238301,-1837778.6547137648,15664360.853232246,5136614.731238301,5136614.731238301,0.3290444514409758,0.3290444514409758,0.3290444514409758,0.3290444514409758,0.3290444514409758,0.3290444514409758,0.0,0.0,0.0,6826789.307742243
17,2007-12-31,4560005.748149822,-3008237.4035173357,15052707.204668649,4560005.748149822,4560005.748149822,0.33546539177077817,0.33546539177077817,0.33546539177077817,0.33546539177077817,0.33546539177077817,0.33546539177077817,0.0,0.0,0.0,6089729.862929902
18,2008-12-30,3983396.765282659,-3502062.070178526,14252708.286759125,3983396.765282659,3983396.765282659,0.34184369415818294,0.34184369415818294,0.34184369415818294,0.34184369415818294,0.34184369415818294,0.34184369415818294,0.0,0.0,0.0,5345095.830824639
19,2009-12-31,3405213.939343452,-4190800.958684651,13675639.592219241,3405213.939343452,3405213.939343452,0.3225886853254659,0.3225886853254659,0.3225886853254659,0.3225886853254659,0.3225886853254659,0.3225886853254659,0.0,0.0,0.0,4503697.427288206
20,2010-12-31,2828610.848113008,-5009814.305299689,12335274.139396597,2828610.848113008,2828610.848113008,0.329044451440969,0.329044451440969,0.329044451440969,0.329044451440969,0.329044451440969,0.329044451440969,0.0,0.0,0.0,3759349.5529703265
21,2011-12-31,2252007.7567986995,-5646483.108526688,11796411.85835141,2252007.7567986995,2252007.7567986995,0.33546539177076484,0.33546539177076484,0.33546539177076484,0.33546539177076484,0.33546539177076484,0.33546539177076484,0.0,0.0,0.0,3007478.4212039765
22,2012-12-30,1675404.6653687707,-6409905.081315255,10814374.81398185,1675404.6653687707,1675404.6653687707,0.3418436941581829,0.3418436941581829,0.3418436941581829,0.3418436941581829,0.3418436941581829,0.3418436941581829,0.0,0.0,0.0,2248131.185388285
23,2013-12-31,1097221.8397085147,-7551231.908258135,11093974.989332456,1097221.8397085147,1097221.8397085147,0.3225886853254774,0.3225886853254774,0.3225886853254774,0.3225886853254774,0.3225886853254774,0.3225886853254774,0.0,0.0,0.0,1451173.190490486
24,2014-12-31,520618.7485445989,-7859151.306620497,9403502.466877518,520618.7485445989,520618.7485445989,0.3290444514409371,0.3290444514409371,0.3290444514409371,0.3290444514409371,0.3290444514409371,0.3290444514409371,0.0,0.0,0.0,691925.4590693236
25,2015-12-31,-55984.34261931698,-8342564.230622436,9195218.221574005,-55984.34261931698,-55984.34261931698,0.33546539177081747,0.33546539177081747,0.33546539177081747,0.33546539177081747,0.33546539177081747,0.33546539177081747,0.0,0.0,0.0,-74765.15204913782
26,2016-12-30,-632587.4337832328,-10248411.833405,8370646.777399753,-632587.4337832328,-632587.4337832328,0.34184369415819676,0.34184369415819676,0.34184369415819676,0.34184369415819676,0.34184369415819676,0.34184369415819676,0.0,0.0,0.0,-848833.4590257468
27,2017-12-31,-1210770.259443491,-10663118.498284156,7458094.243153315,-1210770.259443491,-1210770.259443491,0.3225886853254739,0.3225886853254739,0.3225886853254739,0.3225886853254739,0.3225886853254739,0.3225886853254739,0.0,0.0,0.0,-1601351.0456685496
28,2018-12-31,-1787373.3506074068,-11524948.375552755,7326611.375263183,-1787373.3506074068,-1787373.3506074068,0.3290444514409392,0.3290444514409392,0.3290444514409392,0.3290444514409392,0.3290444514409392,0.3290444514409392,0.0,0.0,0.0,-2375498.6342781745
29,2019-12-31,-2363976.441771323,-11994477.123218894,6274003.263969271,-2363993.855141308,-2363961.3802508214,0.335465391770779,0.335465391770779,0.335465391770779,0.335465391770779,0.335465391770779,0.335465391770779,0.0,0.0,0.0,-3157008.724947032
30,2020-12-31,-2942159.267431581,-12629835.052329345,5530800.971903619,-2942213.1046923054,-2942116.618189581,0.31610583866239644,0.31610583866239644,0.31610583866239644,0.31610583866239644,0.31610583866239644,0.31610583866239644,0.0,0.0,0.0,-3872192.990141383
31,2021-12-31,-3518762.358595497,-14007584.308257265,3833135.9344467605,-3518857.10382546,-3518687.450442405,0.32258868532550106,0.32258868532550106,0.32258868532550106,0.32258868532550106,0.32258868532550106,0.32258868532550106,0.0,0.0,0.0,-4653875.281827678
32,2022-12-31,-4095365.44975941,-14534682.494713683,3634774.42623702,-4095507.1889333674,-4095254.2023455207,0.3290444514409385,0.3290444514409385,0.3290444514409385,0.3290444514409385,0.3290444514409385,0.3290444514409385,0.0,0.0,0.0,-5442922.727625668
33,2023-12-31,-4671968.540923331,-15230975.86686899,2707372.1303978674,-4672166.3056638995,-4671816.163615436,0.3354653917707948,0.3354653917707948,0.3354653917707948,0.3354653917707948,0.3354653917707948,0.3354653917707948,0.0,0.0,0.0,-6239252.297845005
34,2024-12-31,-5250151.366583587,-15938531.395181194,2380194.6795395697,-5250395.057438657,-5249942.7739528585,0.3161058386623654,0.3161058386623654,0.3161058386623654,0.3161058386623654,0.3161058386623654,0.3161058386623654,0.0,0.0,0.0,-6909754.867421855
35,2025-12-31,-5826754.4577475,-16036530.779774854,1097015.6768317344,-5827053.174524601,-5826491.291351432,0.32258868532547613,0.32258868532547613,0.32258868532547613,0.32258868532547613,0.32258868532547613,0.32258868532547613,0.0,0.0,0.0,-7706399.517986624
36,2026-12-31,-6403357.548911419,-18253927.60766694,566948.3982448627,-6403707.616126979,-6403022.275549139,0.3290444514409413,0.3290444514409413,0.3290444514409413,0.3290444514409413,0.3290444514409413,0.3290444514409413,0.0,0.0,0.0,-8510346.820973186
37,2027-12-31,-6979960.640075336,-17441079.52331157,-308767.7004495709,-6980375.433850708,-6979567.526704566,0.33546539177081275,0.33546539177081275,0.33546539177081275,0.33546539177081275,0.33546539177081275,0.33546539177081275,0.0,0.0,0.0,-9321495.870743062
38,2028-12-31,-7558143.46573559,-18517731.302233282,-552831.6398335851,-7558618.844717102,-7557688.679479913,0.3161058386623562,0.3161058386623562,0.3161058386623562,0.3161058386623562,0.3161058386623562,0.3161058386623562,0.0,0.0,0.0,-9947316.744702347
39,2029-12-31,-8134746.556899508,-20622998.80332477,-2340959.4352940223,-8135286.158668067,-8134215.877649717,0.32258868532553536,0.32258868532553536,0.32258868532553536,0.32258868532553536,0.32258868532553536,0.32258868532553536,0.0,0.0,0.0,-10758923.754146146
40,2030-12-31,-8711349.648063421,-20742013.674351797,-2655599.3768981323,-8711950.108220797,-8710752.82870226,0.329044451440858,0.329044451440858,0.329044451440858,0.329044451440858,0.329044451440858,0.329044451440858,0.0,0.0,0.0,-11577770.91431996
41,2031-12-31,-9287952.73922734,-21306641.299157612,-3559862.7799873217,-9288613.250221392,-9287279.834856484,0.33546539177071705,0.33546539177071705,0.33546539177071705,0.33546539177071705,0.33546539177071705,0.33546539177071705,0.0,0.0,0.0,-12403739.443640145
42,2032-12-31,-9866135.564887598,-21731197.284389365,-4298395.479958415,-9866862.695032781,-9865351.676687106,0.31610583866229747,0.31610583866229747,0.31610583866229747,0.31610583866229747,0.31610583866229747,0.31610583866229747,0.0,0.0,0.0,-12984878.621982312
43,2033-12-31,-10442738.656051511,-22919366.01743545,-4414650.447296618,-10443538.638786634,-10441873.350467475,0.32258868532535273,0.32258868532535273,0.32258868532535273,0.32258868532535273,0.32258868532535273,0.32258868532535273,0.0,0.0,0.0,-13811447.990303408
44,2034-12-31,-11019341.74721543,-23567327.507803798,-4923746.4177725855,-11020190.013000742,-11018400.950102575,0.32904445144087924,0.32904445144087924,0.32904445144087924,0.32904445144087924,0.32904445144087924,0.32904445144087924,0.0,0.0,0.0,-14645195.00766751
