,ds,trend,yhat_lower,yhat_upper,trend_lower,trend_upper,multiplicative_terms,multiplicative_terms_lower,multiplicative_terms_upper,yearly,yearly_lower,yearly_upper,additive_terms,additive_terms_lower,additive_terms_upper,yhat
0,1990-12-31,10034543.241014767,6343338.350025485,10873780.162263433,10034543.241014767,10034543.241014767,-0.146184204198833,-0.146184204198833,-0.146184204198833,-0.146184204198833,-0.146184204198833,-0.146184204198833,0.0,0.0,0.0,8567651.522828246
1,1991-12-31,9887830.353291666,6206594.149289148,10968964.672767755,9887830.353291666,9887830.353291666,-0.1367803386898842,-0.1367803386898842,-0.1367803386898842,-0.1367803386898842,-0.1367803386898842,-0.1367803386898842,0.0,0.0,0.0,8535369.568660313
2,1992-12-30,9741117.465361657,6166030.232189695,10808777.830748057,9741117.465361657,9741117.465361657,-0.12716820536186269,-0.12716820536186269,-0.12716820536186269,-0.12716820536186269,-0.12716820536186269,-0.12716820536186269,0.0,0.0,0.0,8502357.039072517
3,1993-12-31,9594002.624642361,5602838.165287765,10320082.734127205,9594002.624642361,9594002.624642361,-0.15536839637453911,-0.15536839637453911,-0.15536839637453911,-0.15536839637453911,-0.15536839637453911,-0.15536839637453911,0.0,0.0,0.0,8103397.822038557
4,1994-12-31,9447289.736735433,5648531.393050305,10575990.202568522,9447289.736735433,9447289.736735433,-0.14618420419881606,-0.14618420419881606,-0.14618420419881606,-0.14618420419881606,-0.14618420419881606,-0.14618420419881606,0.0,0.0,0.0,8066245.204735122
5,1995-12-31,9300576.848553069,5677369.39915832,10397605.505887251,9300576.848553069,9300576.848553069,-0.13678033868988762,-0.13678033868988762,-0.13678033868988762,-0.13678033868988762,-0.13678033868988762,-0.13678033868988762,0.0,0.0,0.0,8028440.797196653
6,1996-12-30,9153863.96026807,5539492.786718701,10228966.774751414,9153863.96026807,9153863.96026807,-0.12716820536188284,-0.12716820536188284,-0.12716820536188284,-0.12716820536188284,-0.12716820536188284,-0.12716820536188284,0.0,0.0,0.0,7989783.508313963
7,1997-12-31,9006749.119148862,5217362.970039074,9800866.95714622,9006749.119148862,9006749.119148862,-0.15536839637452454,-0.15536839637452454,-0.15536839637452454,-0.15536839637452454,-0.15536839637452454,-0.15536839637452454,0.0,0.0,0.0,7607384.951959042
8,1998-12-31,8860036.231156006,5148957.082976149,9991578.421499213,8860036.231156006,8860036.231156006,-0.14618420419881456,-0.14618420419881456,-0.14618420419881456,-0.14618420419881456,-0.14618420419881456,-0.14618420419881456,0.0,0.0,0.0,7564838.885531801
9,1999-12-31,8713323.343750747,5177698.416304309,9874207.872007193,8713323.343750747,8713323.343750747,-0.13678033868985165,-0.13678033868985165,-0.13678033868985165,-0.13678033868985165,-0.13678033868985165,-0.13678033868985165,0.0,0.0,0.0,7521512.025678329
10,2000-12-30,8566610.456939936,4939126.793580199,9813339.397802668,8566610.456939936,8566610.456939936,-0.12716820536192,-0.12716820536192,-0.12716820536192,-0.12716820536192,-0.12716820536192,-0.12716820536192,0.0,0.0,0.0,7477209.979096226
11,2001-12-31,8419495.616682457,4878874.538674165,9615237.64251939,8419495.616682457,8419495.616682457,-0.1553683963745966,-0.1553683963745966,-0.1553683963745966,-0.1553683963745966,-0.1553683963745966,-0.1553683963745966,0.0,0.0,0.0,7111372.084435558
12,2002-12-31,8272782.729295354,4623456.6704118755,9524520.303845305,8272782.729295354,8272782.729295354,-0.14618420419891426,-0.14618420419891426,-0.14618420419891426,-0.14618420419891426,-0.14618420419891426,-0.14618420419891426,0.0,0.0,0.0,7063432.56950279
13,2003-12-31,8126069.842241298,4533745.112559121,9206794.520374002,8126069.842241298,8126069.842241298,-0.13678033868995298,-0.13678033868995298,-0.13678033868995298,-0.13678033868995298,-0.13678033868995298,-0.13678033868995298,0.0,0.0,0.0,7014583.257001321
14,2004-12-30,7979356.955651096,4661623.612661782,9310425.745509839,7979356.955651096,7979356.955651096,-0.12716820536184442,-0.12716820536184442,-0.12716820536184442,-0.12716820536184442,-0.12716820536184442,-0.12716820536184442,0.0,0.0,0.0,6964636.451659396
15,2005-12-31,7832242.116183582,4220314.657263255,8922451.78367192,7832242.116183582,7832242.116183582,-0.15536839637453764,-0.15536839637453764,-0.15536839637453764,-0.15536839637453764,-0.15536839637453764,-0.15536839637453764,0.0,0.0,0.0,6615359.218575024
16,2006-12-31,7685529.230041961,4093820.0454170187,8707920.586510856,7685529.230041961,7685529.230041961,-0.1461842041987807,-0.1461842041987807,-0.1461842041987807,-0.1461842041987807,-0.1461842041987807,-0.1461842041987807,0.0,0.0,0.0,6562026.25570181
17,2007-12-31,7538816.619598386,4062136.9903673334,9054855.000375379,7538816.619598386,7538816.619598386,-0.13678033868988598,-0.13678033868988598,-0.13678033868988598,-0.13678033868988598,-0.13678033868988598,-0.13678033868988598,0.0,0.0,0.0,6507654.729048776
18,2008-12-30,7392104.506437001,4259560.827453137,8786631.331572304,7392104.506437001,7392104.506437001,-0.12716820536185072,-0.12716820536185072,-0.12716820536185072,-0.12716820536185072,-0.12716820536185072,-0.12716820536185072,0.0,0.0,0.0,6452063.842506158
19,2009-12-31,7244990.442831911,3665526.9964638986,8263215.2526460765,7244990.442831911,7244990.442831911,-0.15536839637453617,-0.15536839637453617,-0.15536839637453617,-0.15536839637453617,-0.15536839637453617,-0.15536839637453617,0.0,0.0,0.0,6119347.895980276
20,2010-12-31,7098278.330807901,3774946.33033028,8386596.903807386,7098278.330807901,7098278.330807901,-0.14618420419879058,-0.14618420419879058,-0.14618420419879058,-0.14618420419879058,-0.14618420419879058,-0.14618420419879058,0.0,0.0,0.0,6060622.161837228
21,2011-12-31,6951566.21950601,3683519.320847461,8538541.061449911,6951566.21950601,6951566.21950601,-0.13678033868990602,-0.13678033868990602,-0.13678033868990602,-0.13678033868990602,-0.13678033868990602,-0.13678033868990602,0.0,0.0,0.0,6000728.6375766685
22,2012-12-30,6804854.108263336,3504158.883403274,8257202.348995272,6804854.108263336,6804854.108263336,-0.12716820536185122,-0.12716820536185122,-0.12716820536185122,-0.12716820536185122,-0.12716820536185122,-0.12716820536185122,0.0,0.0,0.0,5939493.023566267
23,2013-12-31,6657740.046019728,3338045.865816658,7886790.464280687,6657740.046019728,6657740.046019728,-0.15536839637451974,-0.15536839637451974,-0.15536839637451974,-0.15536839637451974,-0.15536839637451974,-0.15536839637451974,0.0,0.0,0.0,5623337.651591222
24,2014-12-31,6511027.934765858,3180195.787616601,7786682.2163657965,6511027.934765858,6511027.934765858,-0.14618420419883674,-0.14618420419883674,-0.14618420419883674,-0.14618420419883674,-0.14618420419883674,-0.14618420419883674,0.0,0.0,0.0,5559218.497605716
25,2015-12-31,6364315.823511986,3120358.0891957562,7717156.520439531,6364315.823511986,6364315.823511986,-0.13678033868982797,-0.13678033868982797,-0.13678033868982797,-0.13678033868982797,-0.13678033868982797,-0.13678033868982797,0.0,0.0,0.0,5493802.549642985
26,2016-12-30,6217603.712258114,2942613.289819166,7827255.419993964,6217603.712258114,6217603.712258114,-0.1271682053618291,-0.1271682053618291,-0.1271682053618291,-0.1271682053618291,-0.1271682053618291,-0.1271682053618291,0.0,0.0,0.0,5426922.206519203
27,2017-12-31,6070489.650014506,2709333.8229671814,7454618.54660269,6070489.650014506,6070489.650014506,-0.1553683963745247,-0.1553683963745247,-0.1553683963745247,-0.1553683963745247,-0.1553683963745247,-0.1553683963745247,0.0,0.0,0.0,5127327.407883602
28,2018-12-31,5923777.538760633,2591860.1242519985,7320057.945994939,5923777.538760633,5923777.538760633,-0.1461842041988337,-0.1461842041988337,-0.1461842041988337,-0.1461842041988337,-0.1461842041988337,-0.1461842041988337,0.0,0.0,0.0,5057814.833405985
29,2019-12-31,5777065.427506762,2824933.4277534545,7493663.280059567,5777065.367759522,5777065.4953282615,-0.1367803386898847,-0.1367803386898847,-0.1367803386898847,-0.1367803386898847,-0.1367803386898847,-0.1367803386898847,0.0,0.0,0.0,4986876.461698763
30,2020-12-31,5629951.365263154,2510620.4807257415,7369894.6395944515,5629951.203416198,5629951.544452901,-0.1643218403377725,-0.1643218403377725,-0.1643218403377725,-0.1643218403377725,-0.1643218403377725,-0.1643218403377725,0.0,0.0,0.0,4704827.395910958
31,2021-12-31,5483239.254009281,2250296.6792298206,6862485.39224223,5483238.956769128,5483239.569016411,-0.15536839637448624,-0.15536839637448624,-0.15536839637448624,-0.15536839637448624,-0.15536839637448624,-0.15536839637448624,0.0,0.0,0.0,4631317.164176225
32,2022-12-31,5336527.142755411,2277405.0994257587,6881527.550409334,5336526.681722675,5336527.612113249,-0.14618420419883468,-0.14618420419883468,-0.14618420419883468,-0.14618420419883468,-0.14618420419883468,-0.14618420419883468,0.0,0.0,0.0,4556411.16920623
33,2023-12-31,5189815.031501539,2039189.9435989142,6815842.586227193,5189814.411324504,5189815.660137536,-0.13678033868986184,-0.13678033868986184,-0.13678033868986184,-0.13678033868986184,-0.13678033868986184,-0.13678033868986184,0.0,0.0,0.0,4479950.373755023
34,2024-12-31,5042700.96925793,2006049.7831217926,6639836.178611798,5042700.159319163,5042701.777123575,-0.16432184033781533,-0.16432184033781533,-0.16432184033781533,-0.16432184033781533,-0.16432184033781533,-0.16432184033781533,0.0,0.0,0.0,4214075.065716183
35,2025-12-31,4895988.85800406,1667484.1416507163,6408158.537688615,4895987.798908203,4895989.862772391,-0.15536839637452177,-0.15536839637452177,-0.15536839637452177,-0.15536839637452177,-0.15536839637452177,-0.15536839637452177,0.0,0.0,0.0,4135306.9204684426
36,2026-12-31,4749276.746750187,1666754.283209001,6383597.976558999,4749275.446653938,4749278.016483343,-0.14618420419883074,-0.14618420419883074,-0.14618420419883074,-0.14618420419883074,-0.14618420419883074,-0.14618420419883074,0.0,0.0,0.0,4055007.505006499
37,2027-12-31,4602564.635496316,1577056.7538042946,6357514.252948695,4602563.137338698,4602566.167360855,-0.13678033868983538,-0.13678033868983538,-0.13678033868983538,-0.13678033868983538,-0.13678033868983538,-0.13678033868983538,0.0,0.0,0.0,3973024.2858112706
38,2028-12-31,4455450.573252708,1264861.3100833087,6072288.365742145,4455448.7936795335,4455452.351785308,-0.16432184033782682,-0.16432184033782682,-0.16432184033782682,-0.16432184033782682,-0.16432184033782682,-0.16432184033782682,0.0,0.0,0.0,3723322.7355215973
39,2029-12-31,4308738.461998835,1322845.0801724812,6060721.680833161,4308736.35799283,4308740.541327781,-0.15536839637443867,-0.15536839637443867,-0.15536839637443867,-0.15536839637443867,-0.15536839637443867,-0.15536839637443867,0.0,0.0,0.0,3639296.676761211
40,2030-12-31,4162026.3507449636,1289874.248085085,5969005.657734507,4162024.008874624,4162028.644688936,-0.14618420419895095,-0.14618420419895095,-0.14618420419895095,-0.14618420419895095,-0.14618420419895095,-0.14618420419895095,0.0,0.0,0.0,3553603.840806247
41,2031-12-31,4015314.239491093,985087.8007956224,5783260.043504625,4015311.652267291,4015316.7938727294,-0.136780338689977,-0.136780338689977,-0.136780338689977,-0.136780338689977,-0.136780338689977,-0.136780338689977,0.0,0.0,0.0,3466098.197866814
42,2032-12-31,3868200.1772474847,756357.2593312974,5524396.27456062,3868197.274872957,3868203.052581254,-0.16432184033790653,-0.16432184033790653,-0.16432184033790653,-0.16432184033790653,-0.16432184033790653,-0.16432184033790653,0.0,0.0,0.0,3232570.405326762
43,2033-12-31,3721488.0659936126,837092.6441928756,5412891.470529319,3721484.9102175045,3721491.34303746,-0.15536839637469438,-0.15536839637469438,-0.15536839637469438,-0.15536839637469438,-0.15536839637469438,-0.15536839637469438,0.0,0.0,0.0,3143286.4330526222
44,2034-12-31,3574775.954739742,803013.2671140494,5441709.36219394,3574772.4554672013,3574779.576742843,-0.14618420419892014,-0.14618420419892014,-0.14618420419892014,-0.14618420419892014,-0.14618420419892014,-0.14618420419892014,0.0,0.0,0.0,3052200.176606678
