,ds,trend,yhat_lower,yhat_upper,trend_lower,trend_upper,multiplicative_terms,multiplicative_terms_lower,multiplicative_terms_upper,yearly,yearly_lower,yearly_upper,additive_terms,additive_terms_lower,additive_terms_upper,yhat
0,1990-12-31,19651.939077766732,4880.059763844569,22726.61296425375,19651.939077766732,19651.939077766732,-0.2870840874545058,-0.2870840874545058,-0.2870840874545058,-0.2870840874545058,-0.2870840874545058,-0.2870840874545058,0.0,0.0,0.0,14010.180080914528
1,1991-12-31,18740.318489973055,5277.414247653304,23129.08830476388,18740.318489973055,18740.318489973055,-0.2326426257335057,-0.2326426257335057,-0.2326426257335057,-0.2326426257335057,-0.2326426257335057,-0.2326426257335057,0.0,0.0,0.0,14380.521589383558
2,1992-12-30,17828.697901431326,5592.317898143511,23441.844141847298,17828.697901431326,17828.697901431326,-0.17867822558923274,-0.17867822558923274,-0.17867822558923274,-0.17867822558923274,-0.17867822558923274,-0.17867822558923274,0.0,0.0,0.0,14643.097795837099
3,1993-12-31,16914.579720546943,1958.9670794943854,20238.198047651225,16914.579720546943,16914.579720546943,-0.34193634291962227,-0.34193634291962227,-0.34193634291962227,-0.34193634291962227,-0.34193634291962227,-0.34193634291962227,0.0,0.0,0.0,11130.870188880715
4,1994-12-31,16002.959133647208,2697.1536986263386,20435.98696881307,16002.959133647208,16002.959133647208,-0.2870840874544049,-0.2870840874544049,-0.2870840874544049,-0.2870840874544049,-0.2870840874544049,-0.2870840874544049,0.0,0.0,0.0,11408.764214193965
5,1995-12-31,15091.338545714732,2258.718316852764,20448.75166713602,15091.338545714732,15091.338545714732,-0.232642625733525,-0.232642625733525,-0.232642625733525,-0.232642625733525,-0.232642625733525,-0.232642625733525,0.0,0.0,0.0,11580.449920606101
6,1996-12-30,14179.717958508345,3071.1591347359117,20271.858229762336,14179.717958508345,14179.717958508345,-0.17867822558934415,-0.17867822558934415,-0.17867822558934415,-0.17867822558934415,-0.17867822558934415,-0.17867822558934415,0.0,0.0,0.0,11646.111114324716
7,1997-12-31,13265.599784690654,-290.64880044193546,16917.52861434954,13265.599784690654,13265.599784690654,-0.34193634291953434,-0.34193634291953434,-0.34193634291953434,-0.34193634291953434,-0.34193634291953434,-0.34193634291953434,0.0,0.0,0.0,8729.60910767937
8,1998-12-31,12353.979202108892,-226.205205091783,17627.50965516289,12353.979202108892,12353.979202108892,-0.28708408745439595,-0.28708408745439595,-0.28708408745439595,-0.28708408745439595,-0.28708408745439595,-0.28708408745439595,0.0,0.0,0.0,8807.348356440874
9,1999-12-31,11442.358623771255,230.13111524969852,17835.76366513502,11442.358623771255,11442.358623771255,-0.23264262573332023,-0.23264262573332023,-0.23264262573332023,-0.23264262573332023,-0.23264262573332023,-0.23264262573332023,0.0,0.0,0.0,8780.37826895481
10,2000-12-30,10530.877697426731,-618.5016203667905,17427.75883997118,10530.877697426731,10530.877697426731,-0.17867822558954888,-0.17867822558954888,-0.17867822558954888,-0.17867822558954888,-0.17867822558954888,-0.17867822558954888,0.0,0.0,0.0,8649.239156549967
11,2001-12-31,9616.899583136888,-2563.3736707819608,14910.48685361069,9616.899583136888,9616.899583136888,-0.34193634291997316,-0.34193634291997316,-0.34193634291997316,-0.34193634291997316,-0.34193634291997316,-0.34193634291997316,0.0,0.0,0.0,6328.532109450447
12,2002-12-31,8705.418680223764,-2577.211345842753,15219.692569121711,8705.418680223764,8705.418680223764,-0.28708408745498215,-0.28708408745498215,-0.28708408745498215,-0.28708408745498215,-0.28708408745498215,-0.28708408745498215,0.0,0.0,0.0,6206.231502498169
13,2003-12-31,7793.937779397261,-3522.3616309976774,15059.633081632548,7793.937779397261,7793.937779397261,-0.23264262573389766,-0.23264262573389766,-0.23264262573389766,-0.23264262573389766,-0.23264262573389766,-0.23264262573389766,0.0,0.0,0.0,5980.735629591659
14,2004-12-30,6882.45688347777,-3592.146796272223,14392.159819355302,6882.45688347777,6882.45688347777,-0.17867822558913132,-0.17867822558913132,-0.17867822558913132,-0.17867822558913132,-0.17867822558913132,-0.17867822558913132,0.0,0.0,0.0,5652.71169984426
15,2005-12-31,5968.478780418222,-5031.689948725175,12929.610968100656,5968.478780418222,5968.478780418222,-0.341936342919616,-0.341936342919616,-0.341936342919616,-0.341936342919616,-0.341936342919616,-0.341936342919616,0.0,0.0,0.0,3927.638973448685
16,2006-12-31,5057.1125684464705,-4949.115871047866,12397.203036624589,5057.1125684464705,5057.1125684464705,-0.2870840874541938,-0.2870840874541938,-0.2870840874541938,-0.2870840874541938,-0.2870840874541938,-0.2870840874541938,0.0,0.0,0.0,3605.2960215808816
17,2007-12-31,4145.74635909104,-5671.807200455754,12183.154155791372,4145.74635909104,4145.74635909104,-0.2326426257335158,-0.2326426257335158,-0.2326426257335158,-0.2326426257335158,-0.2326426257335158,-0.2326426257335158,0.0,0.0,0.0,3181.2690404869377
18,2008-12-30,3234.3801521917358,-6547.5017885386005,11780.222741129064,3234.3801521917358,3234.3801521917358,-0.1786782255891658,-0.1786782255891658,-0.1786782255891658,-0.1786782255891658,-0.1786782255891658,-0.1786782255891658,0.0,0.0,0.0,2656.4668457173
19,2009-12-31,2320.517049402834,-7090.61578533906,11046.236964122123,2320.5170494028343,2320.5170494028343,-0.3419363429196072,-0.3419363429196072,-0.3419363429196072,-0.3419363429196072,-0.3419363429196072,-0.3419363429196072,0.0,0.0,0.0,1527.0479358474315
20,2010-12-31,1409.1508391317798,-8554.947453068764,9781.884142786705,1409.1508391317798,1409.1508391317798,-0.28708408745425296,-0.28708408745425296,-0.28708408745425296,-0.28708408745425296,-0.28708408745425296,-0.28708408745425296,0.0,0.0,0.0,1004.606056394238
21,2011-12-31,497.7846329035784,-8645.51748570351,9006.746093940794,497.7846329035784,497.7846329035784,-0.2326426257336302,-0.2326426257336302,-0.2326426257336302,-0.2326426257336302,-0.2326426257336302,-0.2326426257336302,0.0,0.0,0.0,381.9787088550387
22,2012-12-30,-413.58157061404444,-9355.578546935905,9036.81798897604,-413.58157061404444,-413.58157061404444,-0.17867822558917051,-0.17867822558917051,-0.17867822558917051,-0.17867822558917051,-0.17867822558917051,-0.17867822558917051,0.0,0.0,0.0,-339.68354944034473
23,2013-12-31,-1327.4446657921312,-9596.71850971339,7804.014911193397,-1327.4446657921312,-1327.4446657921312,-0.34193634291950337,-0.34193634291950337,-0.34193634291950337,-0.34193634291950337,-0.34193634291950337,-0.34193634291950337,0.0,0.0,0.0,-873.5430913431675
24,2014-12-31,-2238.8108672675444,-10739.580626111881,7927.186027241107,-2238.8108672675444,-2238.8108672675444,-0.2870840874545276,-0.2870840874545276,-0.2870840874545276,-0.2870840874545276,-0.2870840874545276,-0.2870840874545276,0.0,0.0,0.0,-1596.0838924547618
25,2015-12-31,-3150.1770687429607,-11355.132520526491,6476.538249164683,-3150.1770687429607,-3150.1770687429607,-0.2326426257331854,-0.2326426257331854,-0.2326426257331854,-0.2326426257331854,-0.2326426257331854,-0.2326426257331854,0.0,0.0,0.0,-2417.3116039461293
26,2016-12-30,-4061.543270218374,-12864.195068396446,6190.202610895418,-4061.543270218374,-4061.543270218374,-0.17867822558904412,-0.17867822558904412,-0.17867822558904412,-0.17867822558904412,-0.17867822558904412,-0.17867822558904412,0.0,0.0,0.0,-3335.8339255426313
27,2017-12-31,-4975.406365396464,-12170.996662856116,5766.75630498931,-4975.406365396464,-4975.406365396464,-0.3419363429195362,-0.3419363429195362,-0.3419363429195362,-0.3419363429195362,-0.3419363429195362,-0.3419363429195362,0.0,0.0,0.0,-3274.134108274216
28,2018-12-31,-5886.772566871878,-13078.471767520829,4546.052738399098,-5886.772566871878,-5886.772566871878,-0.28708408745451075,-0.28708408745451075,-0.28708408745451075,-0.28708408745451075,-0.28708408745451075,-0.28708408745451075,0.0,0.0,0.0,-4196.773836459217
29,2019-12-31,-6798.13876834729,-14229.181737366765,3015.757457346246,-6798.158244300399,-6798.119350697967,-0.23264262573350825,-0.23264262573350825,-0.23264262573350825,-0.23264262573350825,-0.23264262573350825,-0.23264262573350825,0.0,0.0,0.0,-5216.601915178219
30,2020-12-31,-7712.001863525381,-13306.623363260434,4743.309996072652,-7712.054406763318,-7711.946249172782,-0.39713228732741357,-0.39713228732741357,-0.39713228732741357,-0.39713228732741357,-0.39713228732741357,-0.39713228732741357,0.0,0.0,0.0,-4649.316923590271
31,2021-12-31,-8623.368065000794,-14969.950378571697,3063.3180824328024,-8623.46462827265,-8623.267376822798,-0.3419363429192947,-0.3419363429192947,-0.3419363429192947,-0.3419363429192947,-0.3419363429192947,-0.3419363429192947,0.0,0.0,0.0,-5674.725125207387
32,2022-12-31,-9534.734266476207,-15114.311663409171,1779.2114003636223,-9534.878221152134,-9534.580728068708,-0.2870840874545133,-0.2870840874545133,-0.2870840874545133,-0.2870840874545133,-0.2870840874545133,-0.2870840874545133,0.0,0.0,0.0,-6797.463780463607
33,2023-12-31,-10446.100467951623,-17027.738416590084,280.39792358373353,-10446.300927106447,-10445.880594830443,-0.2326426257333789,-0.2326426257333789,-0.2326426257333789,-0.2326426257333789,-0.2326426257333789,-0.2326426257333789,0.0,0.0,0.0,-8015.8922264126795
34,2024-12-31,-11359.96356312971,-16132.309251075303,1771.5650910810307,-11360.219972286046,-11359.688768987922,-0.3971322873276901,-0.3971322873276901,-0.3971322873276901,-0.3971322873276901,-0.3971322873276901,-0.3971322873276901,0.0,0.0,0.0,-6848.555249344791
35,2025-12-31,-12271.32976460512,-17552.171005661243,1337.95253821919,-12271.650689081565,-12270.992796031242,-0.341936342919519,-0.341936342919519,-0.341936342919519,-0.341936342919519,-0.341936342919519,-0.341936342919519,0.0,0.0,0.0,-8075.316142136603
36,2026-12-31,-13182.695966080542,-17814.673179532165,-369.72375336130466,-13183.1009878544,-13182.292192766346,-0.28708408745449365,-0.28708408745449365,-0.28708408745449365,-0.28708408745449365,-0.28708408745449365,-0.28708408745449365,0.0,0.0,0.0,-9398.153724468275
37,2027-12-31,-14094.062167555952,-18959.4640764868,-1614.9304215966808,-14094.544788931684,-14093.595499458206,-0.23264262573322803,-0.23264262573322803,-0.23264262573322803,-0.23264262573322803,-0.23264262573322803,-0.23264262573322803,0.0,0.0,0.0,-10815.182537648385
38,2028-12-31,-15007.92526273404,-17904.96391771155,626.0307605198396,-15008.47184649947,-15007.39577020921,-0.3971322873277493,-0.3971322873277493,-0.3971322873277493,-0.3971322873277493,-0.3971322873277493,-0.3971322873277493,0.0,0.0,0.0,-9047.793575100557
39,2029-12-31,-15919.291464209457,-20313.921175827687,-1255.550174103488,-15919.928571753951,-15918.693272945575,-0.3419363429190138,-0.3419363429190138,-0.3419363429190138,-0.3419363429190138,-0.3419363429190138,-0.3419363429190138,0.0,0.0,0.0,-10475.907159075801
40,2030-12-31,-16830.657665684874,-20771.98033913349,-3345.186126149095,-16831.39049063367,-16829.9814662755,-0.2870840874551954,-0.2870840874551954,-0.2870840874551954,-0.2870840874551954,-0.2870840874551954,-0.2870840874551954,0.0,0.0,0.0,-11998.843668460942
41,2031-12-31,-17742.023867160282,-22365.326550885293,-4047.1453097015806,-17742.85967914567,-17741.245708404836,-0.2326426257340347,-0.2326426257340347,-0.2326426257340347,-0.2326426257340347,-0.2326426257340347,-0.2326426257340347,0.0,0.0,0.0,-13614.472848868201
42,2032-12-31,-18655.88696233837,-20078.34387965238,-1331.0585737791562,-18656.819722066088,-18655.00934017496,-0.39713228732824585,-0.39713228732824585,-0.39713228732824585,-0.39713228732824585,-0.39713228732824585,-0.39713228732824585,0.0,0.0,0.0,-11247.03190084773
43,2033-12-31,-19567.253163813784,-21730.94069688594,-3888.118456295046,-19568.3144899591,-19566.2585038443,-0.34193634292056135,-0.34193634292056135,-0.34193634292056135,-0.34193634292056135,-0.34193634292056135,-0.34193634292056135,0.0,0.0,0.0,-12876.498175978517
44,2034-12-31,-20478.619365289196,-23932.617359869044,-5718.986729049813,-20479.79480640341,-20477.51324503361,-0.2870840874550181,-0.2870840874550181,-0.2870840874550181,-0.2870840874550181,-0.2870840874550181,-0.2870840874550181,0.0,0.0,0.0,-14599.533612466485
