,ds,trend,yhat_lower,yhat_upper,trend_lower,trend_upper,multiplicative_terms,multiplicative_terms_lower,multiplicative_terms_upper,yearly,yearly_lower,yearly_upper,additive_terms,additive_terms_lower,additive_terms_upper,yhat
0,1990-12-31,453034.0950713054,20846046.410467982,21465620.333949085,453034.0950713054,453034.0950713054,45.708420840131836,45.708420840131836,45.708420840131836,45.708420840131836,45.708420840131836,45.708420840131836,0.0,0.0,0.0,21160507.167518828
1,1991-12-31,460689.8565139772,21228132.95302765,21846495.152604986,460689.8565139772,460689.8565139772,45.71256496606961,45.71256496606961,45.71256496606961,45.71256496606961,45.71256496606961,45.71256496606961,0.0,0.0,0.0,21520004.851618446
2,1992-12-30,436296.70363263745,20069363.199642442,20685989.289721098,436296.70363263745,436296.70363263745,45.68464099118905,45.68464099118905,45.68464099118905,45.68464099118905,45.68464099118905,45.68464099118905,0.0,0.0,0.0,20368354.974728886
3,1993-12-31,470294.00204028015,21648987.827788975,22256526.204165537,470294.00204028015,470294.00204028015,45.672213543336184,45.672213543336184,45.672213543336184,45.672213543336184,45.672213543336184,45.672213543336184,0.0,0.0,0.0,21949662.091374137
4,1994-12-31,498301.3681893057,22968362.30640007,23604907.758383553,498301.3681893057,498301.3681893057,45.70842084013187,45.70842084013187,45.70842084013187,45.70842084013187,45.70842084013187,45.70842084013187,0.0,0.0,0.0,23274870.01059959
5,1995-12-31,521396.46360731206,24046877.31677429,24634085.11013862,521396.46360731206,521396.46360731206,45.712564966069614,45.712564966069614,45.712564966069614,45.712564966069614,45.712564966069614,45.712564966069614,0.0,0.0,0.0,24355766.179335516
6,1996-12-30,524066.0148056628,24138821.66998304,24795374.220433593,524066.0148056628,524066.0148056628,45.68464099118914,45.68464099118914,45.68464099118914,45.68464099118914,45.68464099118914,45.68464099118914,0.0,0.0,0.0,24465833.75688558
7,1997-12-31,526742.875001817,24281635.809256263,24920401.739377744,526742.875001817,526742.875001817,45.67221354333627,45.67221354333627,45.67221354333627,45.67221354333627,45.67221354333627,45.67221354333627,0.0,0.0,0.0,24584255.944515686
8,1998-12-31,543185.9360972089,25040107.767883103,25678797.85976837,543185.9360972089,543185.9360972089,45.70842084013188,45.70842084013188,45.70842084013188,45.70842084013188,45.70842084013188,45.70842084013188,0.0,0.0,0.0,25371357.297669414
9,1999-12-31,530266.5146997492,24483766.405778535,25085103.668038003,530266.5146997492,530266.5146997492,45.71256496606957,45.71256496606957,45.71256496606957,45.71256496606957,45.71256496606957,45.71256496606957,0.0,0.0,0.0,24770109.01724332
10,2000-12-30,584883.0676659618,26997710.217562776,27618490.508544195,584883.0676659618,584883.0676659618,45.684640991189305,45.684640991189305,45.684640991189305,45.684640991189305,45.684640991189305,45.684640991189305,0.0,0.0,0.0,27305056.035810906
11,2001-12-31,701152.4894539728,32402568.9257377,33040548.090966154,701152.4894539728,701152.4894539728,45.67221354333585,45.67221354333585,45.67221354333585,45.67221354333585,45.67221354333585,45.67221354333585,0.0,0.0,0.0,32724338.714237355
12,2002-12-31,682089.4925963804,31558150.387720335,32164249.007969037,682089.4925963804,682089.4925963804,45.70842084013166,45.70842084013166,45.70842084013166,45.70842084013166,45.70842084013166,45.70842084013166,0.0,0.0,0.0,31859323.070823602
13,2003-12-31,700803.2447617977,32427765.58102926,33044816.644457567,700803.2447617977,700803.2447617977,45.71256496606969,45.71256496606969,45.71256496606969,45.71256496606969,45.71256496606969,45.71256496606969,0.0,0.0,0.0,32736317.099367917
14,2004-12-30,689204.9889648365,31868548.471210532,32487601.60766342,689204.9889648365,689204.9889648365,45.68464099118897,45.68464099118897,45.68464099118897,45.68464099118897,45.68464099118897,45.68464099118897,0.0,0.0,0.0,32175287.479159746
15,2005-12-31,724748.0259846433,33524238.02952764,34164254.75432087,724748.0259846433,724748.0259846433,45.67221354333619,45.67221354333619,45.67221354333619,45.67221354333619,45.67221354333619,45.67221354333619,0.0,0.0,0.0,33825594.63386664
16,2006-12-31,713733.6098361964,33008592.623638593,33664462.154533304,713733.6098361964,713733.6098361964,45.70842084013195,45.70842084013195,45.70842084013195,45.70842084013195,45.70842084013195,45.70842084013195,0.0,0.0,0.0,33337369.815975603
17,2007-12-31,734602.7657340546,33985966.910105735,34620159.107253306,734602.7657340546,734602.7657340546,45.712564966069614,45.712564966069614,45.712564966069614,45.712564966069614,45.712564966069614,45.712564966069614,0.0,0.0,0.0,34315179.418606445
18,2008-12-30,743177.1668230728,34389947.9444745,35013035.982929885,743177.1668230728,743177.1668230728,45.684640991189,45.684640991189,45.684640991189,45.684640991189,45.684640991189,45.684640991189,0.0,0.0,0.0,34694959.225984134
19,2009-12-31,753111.3784502283,34813007.581864014,35464840.59617815,753111.3784502283,753111.3784502283,45.672213543336206,45.672213543336206,45.672213543336206,45.672213543336206,45.672213543336206,45.672213543336206,0.0,0.0,0.0,35149375.07694534
20,2010-12-31,719113.894417764,33278483.40791532,33871958.535929024,719113.894417764,719113.894417764,45.70842084013192,45.70842084013192,45.70842084013192,45.70842084013192,45.70842084013192,45.70842084013192,0.0,0.0,0.0,33588674.41245112
21,2011-12-31,738449.2628177842,34191492.63395218,34779567.88613466,738449.2628177842,738449.2628177842,45.71256496606963,45.71256496606963,45.71256496606963,45.71256496606963,45.71256496606963,45.71256496606963,0.0,0.0,0.0,34494859.16352197
22,2012-12-30,690760.3520254195,31936513.122556467,32570014.9034824,690760.3520254195,690760.3520254195,45.684640991189,45.684640991189,45.684640991189,45.684640991189,45.684640991189,45.684640991189,0.0,0.0,0.0,32247899.04525404
23,2013-12-31,693919.7729977727,32039873.736410733,32691442.210669667,693919.7729977727,693919.7729977727,45.6722135433363,45.6722135433363,45.6722135433363,45.6722135433363,45.6722135433363,45.6722135433363,0.0,0.0,0.0,32386771.827295493
24,2014-12-31,697070.5616723873,32257712.578264557,32875590.17954364,697070.5616723873,697070.5616723873,45.70842084013183,45.70842084013183,45.70842084013183,45.70842084013183,45.70842084013183,45.70842084013183,0.0,0.0,0.0,32559065.149860933
25,2015-12-31,700221.3503470019,32417762.472489744,32996344.791084103,700221.3503470019,700221.3503470019,45.71256496606954,45.71256496606954,45.71256496606954,45.71256496606954,45.71256496606954,45.71256496606954,0.0,0.0,0.0,32709135.31871327
26,2016-12-30,703372.1390216164,32516134.858143717,33121788.921527725,703372.1390216164,703372.1390216164,45.6846409911889,45.6846409911889,45.6846409911889,45.6846409911889,45.6846409911889,45.6846409911889,0.0,0.0,0.0,32836675.79342877
27,2017-12-31,706531.5599939697,32669444.56805912,33269750.09557651,706531.5599939697,706531.5599939697,45.67221354333627,45.67221354333627,45.67221354333627,45.67221354333627,45.67221354333627,45.67221354333627,0.0,0.0,0.0,32975391.843145058
28,2018-12-31,709682.3486685843,32822800.396933965,33470781.9208449,709682.3486685843,709682.3486685843,45.708420840131836,45.708420840131836,45.708420840131836,45.708420840131836,45.708420840131836,45.708420840131836,0.0,0.0,0.0,33148141.804425407
29,2019-12-31,712833.1373431988,30499316.703526996,35790158.48318224,650447.5737012099,767195.6703380271,45.71256496606961,45.71256496606961,45.71256496606961,45.71256496606961,45.71256496606961,45.71256496606961,0.0,0.0,0.0,33298264.23811139
30,2020-12-31,715992.5583155521,24684757.298041943,41135864.52879641,530320.7635264564,883222.2177520184,45.60398675709206,45.60398675709206,45.60398675709206,45.60398675709206,45.60398675709206,45.60398675709206,0.0,0.0,0.0,33368107.705914453
31,2021-12-31,719143.3469901666,17565891.521479715,47609550.944901675,371951.94097248546,1019753.3787724107,45.67221354333649,45.67221354333649,45.67221354333649,45.67221354333649,45.67221354333649,45.67221354333649,0.0,0.0,0.0,33564011.85899478
32,2022-12-31,722294.1356647812,9344541.59827461,55889187.111421846,202314.84872508227,1196254.1884136223,45.708420840131836,45.708420840131836,45.708420840131836,45.708420840131836,45.708420840131836,45.708420840131836,0.0,0.0,0.0,33737218.45898988
33,2023-12-31,725444.9243393958,397378.8418762473,63718390.45179341,14783.915315637403,1362317.2468062304,45.71256496606958,45.71256496606958,45.71256496606958,45.71256496606958,45.71256496606958,45.71256496606958,0.0,0.0,0.0,33887393.15750946
34,2024-12-31,728604.345311749,-8872618.69054221,72239891.15849334,-190874.2877559217,1551308.9963477366,45.603986757091654,45.603986757091654,45.603986757091654,45.603986757091654,45.603986757091654,45.603986757091654,0.0,0.0,0.0,33955867.260068186
35,2025-12-31,731755.1339863635,-18821058.012410223,83174210.02887699,-409131.08220173983,1780089.9224397286,45.672213543336284,45.672213543336284,45.672213543336284,45.672213543336284,45.672213543336284,45.672213543336284,0.0,0.0,0.0,34152631.874844216
36,2026-12-31,734905.9226609782,-27052453.732651833,95855936.46910037,-581562.4953206389,2053934.4333921713,45.70842084013184,45.70842084013184,45.70842084013184,45.70842084013184,45.70842084013184,45.70842084013184,0.0,0.0,0.0,34326295.11355435
37,2027-12-31,738056.7113355927,-39356320.71832922,110484542.98616594,-843995.9479653825,2360379.1801685942,45.71256496606955,45.71256496606955,45.71256496606955,45.71256496606955,45.71256496606955,45.71256496606955,0.0,0.0,0.0,34476522.076907516
38,2028-12-31,741216.1323079459,-50124200.66401388,123776334.63687673,-1077960.991497894,2656663.509405684,45.60398675709155,45.60398675709155,45.60398675709155,45.60398675709155,45.60398675709155,45.60398675709155,0.0,0.0,0.0,34543626.81422213
39,2029-12-31,744366.9209825605,-62177451.65473207,136014244.6025169,-1332609.542356486,2914427.6009423058,45.67221354333676,45.67221354333676,45.67221354333676,45.67221354333676,45.67221354333676,45.67221354333676,0.0,0.0,0.0,34741251.89069414
40,2030-12-31,747517.7096571751,-74407730.24571449,148876587.4058543,-1590640.2123730828,3188965.9581805277,45.70842084013158,45.70842084013158,45.70842084013158,45.70842084013158,45.70842084013158,45.70842084013158,0.0,0.0,0.0,34915371.76811863
41,2031-12-31,750668.4983317896,-86899273.69440964,161723112.3821412,-1863182.6030028118,3452873.7004178246,45.71256496606973,45.71256496606973,45.71256496606973,45.71256496606973,45.71256496606973,45.71256496606973,0.0,0.0,0.0,35065650.99630573
42,2032-12-31,753827.9193041429,-102676073.14334236,173565632.4979483,-2197497.521924864,3720323.151087922,45.60398675709078,45.60398675709078,45.60398675709078,45.60398675709078,45.60398675709078,45.60398675709078,0.0,0.0,0.0,35131386.36837558
43,2033-12-31,756978.7079787574,-118368036.8462303,189555269.77970743,-2533773.480506108,4057696.0943495105,45.67221354333529,45.67221354333529,45.67221354333529,45.67221354333529,45.67221354333529,45.67221354333529,0.0,0.0,0.0,35329871.906542614
44,2034-12-31,760129.496653372,-131651267.805709,211613845.6356328,-2818364.5576710734,4533938.536990707,45.70842084013166,45.70842084013166,45.70842084013166,45.70842084013166,45.70842084013166,45.70842084013166,0.0,0.0,0.0,35504448.42268315
