,ds,trend,yhat_lower,yhat_upper,trend_lower,trend_upper,multiplicative_terms,multiplicative_terms_lower,multiplicative_terms_upper,yearly,yearly_lower,yearly_upper,additive_terms,additive_terms_lower,additive_terms_upper,yhat
0,1990-12-31,88929726.59803793,38283630.15885568,73572170.56273556,88929726.59803793,88929726.59803793,-0.3656985931306187,-0.3656985931306187,-0.3656985931306187,-0.3656985931306187,-0.3656985931306187,-0.3656985931306187,0.0,0.0,0.0,56408250.693644896
1,1991-12-31,90694543.55832377,39549360.65349737,75513204.66243473,90694543.55832377,90694543.55832377,-0.3639202661188665,-0.3639202661188665,-0.3639202661188665,-0.3639202661188665,-0.3639202661188665,-0.3639202661188665,0.0,0.0,0.0,57688961.131049454
2,1992-12-30,92459360.51871487,40884144.04311479,77085882.21873192,92459360.51871487,92459360.51871487,-0.3631779723070099,-0.3631779723070099,-0.3631779723070099,-0.3631779723070099,-0.3631779723070099,-0.3631779723070099,0.0,0.0,0.0,58880157.4447252
3,1993-12-31,94229012.59402879,42890436.94771357,78596252.60186404,94229012.59402879,94229012.59402879,-0.3685108052092536,-0.3685108052092536,-0.3685108052092536,-0.3685108052092536,-0.3685108052092536,-0.3685108052092536,0.0,0.0,0.0,59504603.28893034
4,1994-12-31,95993829.55455834,43086011.31737223,79519052.83946921,95993829.55455834,95993829.55455834,-0.36569859313061404,-0.36569859313061404,-0.36569859313061404,-0.36569859313061404,-0.36569859313061404,-0.36569859313061404,0.0,0.0,0.0,60889021.137236394
5,1995-12-31,97758646.51560953,44331517.827561796,79391274.64282593,97758646.51560953,97758646.51560953,-0.3639202661188672,-0.3639202661188672,-0.3639202661188672,-0.3639202661188672,-0.3639202661188672,-0.3639202661188672,0.0,0.0,0.0,62182293.86022864
6,1996-12-30,99523463.47705849,45510666.23819921,80921210.53286535,99523463.47705849,99523463.47705849,-0.36317797230701065,-0.36317797230701065,-0.36317797230701065,-0.36317797230701065,-0.36317797230701065,-0.36317797230701065,0.0,0.0,0.0,63378733.81448955
7,1997-12-31,101293115.553806,45277113.88761396,81026910.84104772,101293115.553806,101293115.553806,-0.3685108052092487,-0.3685108052092487,-0.3685108052092487,-0.3685108052092487,-0.3685108052092487,-0.3685108052092487,0.0,0.0,0.0,63965507.978919476
8,1998-12-31,103057932.51592477,46941558.64735901,84295070.71898921,103057932.51592477,103057932.51592477,-0.36569859313061337,-0.36569859313061337,-0.36569859313061337,-0.36569859313061337,-0.36569859313061337,-0.36569859313061337,0.0,0.0,0.0,65369791.58390138
9,1999-12-31,104822749.47820242,48163111.235479906,84344271.0814782,104822749.47820242,104822749.47820242,-0.36392026611886297,-0.36392026611886297,-0.36392026611886297,-0.36392026611886297,-0.36392026611886297,-0.36392026611886297,0.0,0.0,0.0,66675626.59278409
10,2000-12-30,106587566.44079253,49981789.39995505,85878081.15009789,106587566.44079253,106587566.44079253,-0.3631779723070099,-0.3631779723070099,-0.3631779723070099,-0.3631779723070099,-0.3631779723070099,-0.3631779723070099,0.0,0.0,0.0,67877310.1876868
11,2001-12-31,108357218.53123747,51087376.747039326,86248745.87373412,108357218.53123747,108357218.53123747,-0.36851080520927637,-0.36851080520927637,-0.36851080520927637,-0.36851080520927637,-0.36851080520927637,-0.36851080520927637,0.0,0.0,0.0,68426412.68005362
12,2002-12-31,110122035.5064954,50461630.98101127,86871869.04172884,110122035.5064954,110122035.5064954,-0.365698593130638,-0.365698593130638,-0.365698593130638,-0.365698593130638,-0.365698593130638,-0.365698593130638,0.0,0.0,0.0,69850562.04908787
13,2003-12-31,111886852.48212242,53207159.54139251,88362227.15733811,111886852.48212242,111886852.48212242,-0.36392026611887573,-0.36392026611887573,-0.36392026611887573,-0.36392026611887573,-0.36392026611887573,-0.36392026611887573,0.0,0.0,0.0,71168959.35162504
14,2004-12-30,113651669.45794678,55446094.46978001,90529257.558,113651669.45794678,113651669.45794678,-0.3631779723070091,-0.3631779723070091,-0.3631779723070091,-0.3631779723070091,-0.3631779723070091,-0.3631779723070091,0.0,0.0,0.0,72375886.59490323
15,2005-12-31,115421321.5489086,55949824.45030369,90804684.12126635,115421321.5489086,115421321.5489086,-0.36851080520925505,-0.36851080520925505,-0.36851080520925505,-0.36851080520925505,-0.36851080520925505,-0.36851080520925505,0.0,0.0,0.0,72887317.40660395
16,2006-12-31,117186138.52545878,56879253.653265566,92433094.373352,117186138.52545878,117186138.52545878,-0.3656985931306035,-0.3656985931306035,-0.3656985931306035,-0.3656985931306035,-0.3656985931306035,-0.3656985931306035,0.0,0.0,0.0,74331332.53229049
17,2007-12-31,118950955.50241958,58606710.289159454,94950442.09304634,118950955.50241958,118950955.50241958,-0.36392026611886674,-0.36392026611886674,-0.36392026611886674,-0.36392026611886674,-0.36392026611886674,-0.36392026611886674,0.0,0.0,0.0,75662292.12088557
18,2008-12-30,120715772.47966124,59261446.15099734,94954772.16421641,120715772.47966124,120715772.47966124,-0.36317797230700866,-0.36317797230700866,-0.36317797230700866,-0.36317797230700866,-0.36317797230700866,-0.36317797230700866,0.0,0.0,0.0,76874463.00502367
19,2009-12-31,122485424.57223903,59553900.5097322,95140666.33235322,122485424.57223903,122485424.57223903,-0.3685108052092547,-0.3685108052092547,-0.3685108052092547,-0.3685108052092547,-0.3685108052092547,-0.3685108052092547,0.0,0.0,0.0,77348222.13672578
20,2010-12-31,124250241.54962459,60495121.9719589,97663426.63552383,124250241.54962459,124250241.54962459,-0.3656985931306064,-0.3656985931306064,-0.3656985931306064,-0.3656985931306064,-0.3656985931306064,-0.3656985931306064,0.0,0.0,0.0,78812103.01878886
21,2011-12-31,126015058.52724011,62941123.97690585,97948402.63665374,126015058.52724011,126015058.52724011,-0.36392026611886963,-0.36392026611886963,-0.36392026611886963,-0.36392026611886963,-0.36392026611886963,-0.36392026611886963,0.0,0.0,0.0,80155624.89302196
22,2012-12-30,127779875.50502147,62564181.49795811,98705368.88934907,127779875.50502147,127779875.50502147,-0.3631779723070112,-0.3631779723070112,-0.3631779723070112,-0.3631779723070112,-0.3631779723070112,-0.3631779723070112,0.0,0.0,0.0,81373039.41746545
23,2013-12-31,129549527.59772031,64661672.71426565,99027759.20795469,129549527.59772031,129549527.59772031,-0.3685108052092455,-0.3685108052092455,-0.3685108052092455,-0.3685108052092455,-0.3685108052092455,-0.3685108052092455,0.0,0.0,0.0,81809126.86820702
24,2014-12-31,131314344.57541177,65142176.38190362,100825682.54156323,131314344.57541177,131314344.57541177,-0.3656985931306196,-0.3656985931306196,-0.3656985931306196,-0.3656985931306196,-0.3656985931306196,-0.3656985931306196,0.0,0.0,0.0,83292873.50631428
25,2015-12-31,133079161.55310322,66460943.432705216,102563420.01608391,133079161.55310322,133079161.55310322,-0.3639202661188602,-0.3639202661188602,-0.3639202661188602,-0.3639202661188602,-0.3639202661188602,-0.3639202661188602,0.0,0.0,0.0,84648957.66582312
26,2016-12-30,134843978.53079468,67608936.54617497,105015547.87558201,134843978.53079468,134843978.53079468,-0.3631779723070052,-0.3631779723070052,-0.3631779723070052,-0.3631779723070052,-0.3631779723070052,-0.3631779723070052,0.0,0.0,0.0,85871615.83017132
27,2017-12-31,136613630.6234935,68240266.3804555,103092734.70215663,136613630.6234935,136613630.6234935,-0.3685108052092493,-0.3685108052092493,-0.3685108052092493,-0.3685108052092493,-0.3685108052092493,-0.3685108052092493,0.0,0.0,0.0,86270031.59987095
28,2018-12-31,138378447.60118496,70635284.93746142,104937414.91255778,138378447.60118496,138378447.60118496,-0.3656985931306196,-0.3656985931306196,-0.3656985931306196,-0.3656985931306196,-0.3656985931306196,-0.3656985931306196,0.0,0.0,0.0,87773643.99383247
29,2019-12-31,140143264.57887644,71894342.75577764,106981311.39967436,140143264.51523462,140143264.6323243,-0.36392026611886596,-0.36392026611886596,-0.36392026611886596,-0.36392026611886596,-0.36392026611886596,-0.36392026611886596,0.0,0.0,0.0,89142290.43856508
30,2020-12-31,141912916.67157525,69546623.72072273,106580651.53590778,141912916.50086904,141912916.83406895,-0.37235278694285523,-0.37235278694285523,-0.37235278694285523,-0.37235278694285523,-0.37235278694285523,-0.37235278694285523,0.0,0.0,0.0,89071246.64572503
31,2021-12-31,143677733.6492667,72604604.40029986,108579871.52301286,143677733.3419408,143677733.9274242,-0.36851080520922874,-0.36851080520922874,-0.36851080520922874,-0.36851080520922874,-0.36851080520922874,-0.36851080520922874,0.0,0.0,0.0,90730936.33153832
32,2022-12-31,145442550.62695816,74577583.80093098,110530102.80393058,145442550.17345065,145442551.03758612,-0.3656985931306178,-0.3656985931306178,-0.3656985931306178,-0.3656985931306178,-0.3656985931306178,-0.3656985931306178,0.0,0.0,0.0,92254414.48135091
33,2023-12-31,147207367.60464963,75898535.47689086,111740462.07015675,147207366.9693844,147207368.1831843,-0.36392026611886585,-0.36392026611886585,-0.36392026611886585,-0.36392026611886585,-0.36392026611886585,-0.36392026611886585,0.0,0.0,0.0,93635623.21130782
34,2024-12-31,148977019.69734845,76910898.50196514,111287404.50016913,148977018.8768563,148977020.4550821,-0.37235278694288365,-0.37235278694288365,-0.37235278694288365,-0.37235278694288365,-0.37235278694288365,-0.37235278694288365,0.0,0.0,0.0,93505011.22259589
35,2025-12-31,150741836.67503992,77757673.64420313,111373548.97457474,150741835.66197124,150741837.63857254,-0.36851080520924884,-0.36851080520924884,-0.36851080520924884,-0.36851080520924884,-0.36851080520924884,-0.36851080520924884,0.0,0.0,0.0,95191841.06319988
36,2026-12-31,152506653.6527314,79062873.19434759,114520831.80205488,152506652.401404,152506654.87313554,-0.3656985931306189,-0.3656985931306189,-0.3656985931306189,-0.3656985931306189,-0.3656985931306189,-0.3656985931306189,0.0,0.0,0.0,96735184.96886896
37,2027-12-31,154271470.63042283,80740266.22375539,116104166.8927748,154271469.15361437,154271472.0979367,-0.36392026611886286,-0.36392026611886286,-0.36392026611886286,-0.36392026611886286,-0.36392026611886286,-0.36392026611886286,0.0,0.0,0.0,98128955.98405102
38,2028-12-31,156041122.72312167,79226678.31196007,116314887.34913297,156041121.02467805,156041124.4281871,-0.372352786942878,-0.372352786942878,-0.372352786942878,-0.372352786942878,-0.372352786942878,-0.372352786942878,0.0,0.0,0.0,97938775.79947168
39,2029-12-31,157805939.70081314,81904299.58241647,115980638.47810088,157805937.74996638,157805941.69336998,-0.3685108052092174,-0.3685108052092174,-0.3685108052092174,-0.3685108052092174,-0.3685108052092174,-0.3685108052092174,0.0,0.0,0.0,99652745.79486929
40,2030-12-31,159570756.6785046,84045129.37148881,118609255.5251509,159570754.47427118,159570758.93965763,-0.36569859313064557,-0.36569859313064557,-0.36569859313064557,-0.36569859313064557,-0.36569859313064557,-0.36569859313064557,0.0,0.0,0.0,101215955.4563829
41,2031-12-31,161335573.65619606,83718816.13934591,119920801.90029402,161335571.19506148,161335576.18333316,-0.3639202661188793,-0.3639202661188793,-0.3639202661188793,-0.3639202661188793,-0.3639202661188793,-0.3639202661188793,0.0,0.0,0.0,102622288.75679114
42,2032-12-31,163105225.7488949,84260174.05167365,118386979.12095843,163105223.00026333,163105228.54997766,-0.3723527869429145,-0.3723527869429145,-0.3723527869429145,-0.3723527869429145,-0.3723527869429145,-0.3723527869429145,0.0,0.0,0.0,102372540.37634066
43,2033-12-31,164870042.72658634,85153633.10375752,120374050.64644405,164870039.70963454,164870045.77610037,-0.36851080520930835,-0.36851080520930835,-0.36851080520930835,-0.36851080520930835,-0.36851080520930835,-0.36851080520930835,0.0,0.0,0.0,104113650.52651894
44,2034-12-31,166634859.70427778,89190427.0166862,122884457.10135958,166634856.39431018,166634863.0605962,-0.36569859313064024,-0.36569859313064024,-0.36569859313064024,-0.36569859313064024,-0.36569859313064024,-0.36569859313064024,0.0,0.0,0.0,105696725.94390178
