,ds,trend,yhat_lower,yhat_upper,trend_lower,trend_upper,multiplicative_terms,multiplicative_terms_lower,multiplicative_terms_upper,yearly,yearly_lower,yearly_upper,additive_terms,additive_terms_lower,additive_terms_upper,yhat
0,1990-12-31,45605334.07454064,1768308937.4451404,1800339572.8134313,45605334.074540645,45605334.074540645,38.14759937548002,38.14759937548002,38.14759937548002,38.14759937548002,38.14759937548002,38.14759937548002,0.0,0.0,0.0,1785339347.7350447
1,1991-12-31,44042901.41086746,1711077442.6546829,1742499112.3144732,44042901.41086746,44042901.41086746,38.1990401606564,38.1990401606564,38.1990401606564,38.1990401606564,38.1990401606564,38.1990401606564,0.0,0.0,0.0,1726439461.196424
2,1992-12-30,43117970.825500906,1676394249.7244163,1707240838.9594448,43117970.825500906,43117970.825500906,38.22449393954681,38.22449393954681,38.22449393954681,38.22449393954681,38.22449393954681,38.22449393954681,0.0,0.0,0.0,1691280585.3304164
3,1993-12-31,42151925.40144567,1631003546.6825557,1663039076.2478652,42151925.40144567,42151925.40144567,38.07023412464635,38.07023412464635,38.07023412464635,38.07023412464635,38.07023412464635,38.07023412464635,0.0,0.0,0.0,1646885594.23911
4,1994-12-31,42891986.789423354,1663122129.34297,1694985856.336673,42891986.789423354,42891986.789423354,38.14759937548014,38.14759937548014,38.14759937548014,38.14759937548014,38.14759937548014,38.14759937548014,0.0,0.0,0.0,1679118315.2507322
5,1995-12-31,43855686.50464085,1702611010.3237665,1734325866.7228446,43855686.50464085,43855686.50464085,38.19904016065639,38.19904016065639,38.19904016065639,38.19904016065639,38.19904016065639,38.19904016065639,0.0,0.0,0.0,1719100816.568573
6,1996-12-30,44213090.40152363,1718284066.487568,1750077182.7975454,44213090.40152363,44213090.40152363,38.22449393954679,38.22449393954679,38.22449393954679,38.22449393954679,38.22449393954679,38.22449393954679,0.0,0.0,0.0,1734236096.503198
7,1997-12-31,45892258.63262067,1776118781.759671,1809440623.6712396,45892258.63262067,45892258.63262067,38.07023412464649,38.07023412464649,38.07023412464649,38.07023412464649,38.07023412464649,38.07023412464649,0.0,0.0,0.0,1793021289.2853186
8,1998-12-31,46284021.61758592,1794988162.9507992,1827418239.5512252,46284021.61758592,46284021.61758592,38.147599375480155,38.147599375480155,38.147599375480155,38.147599375480155,38.147599375480155,38.147599375480155,0.0,0.0,0.0,1811908335.7713165
9,1999-12-31,46841022.1423075,1820875826.735643,1852425852.682308,46841022.1423075,46841022.1423075,38.19904016065654,38.19904016065654,38.19904016065654,38.19904016065654,38.19904016065654,38.19904016065654,0.0,0.0,0.0,1836123108.1225138
10,2000-12-30,48199695.35991326,1873227801.171267,1905671789.8254998,48199695.35991326,48199695.35991326,38.22449393954674,38.22449393954674,38.22449393954674,38.22449393954674,38.22449393954674,38.22449393954674,0.0,0.0,0.0,1890608658.5329168
11,2001-12-31,49233374.64819723,1906313073.4624858,1938808738.9564002,49233374.64819723,49233374.64819723,38.070234124645765,38.070234124645765,38.070234124645765,38.070234124645765,38.070234124645765,38.070234124645765,0.0,0.0,0.0,1923559474.2514653
12,2002-12-31,49464434.64002652,1920778791.2796853,1951367799.661827,49464434.64002652,49464434.64002652,38.14759937547946,38.14759937547946,38.14759937547946,38.14759937547946,38.14759937547946,38.14759937547946,0.0,0.0,0.0,1936413870.6223466
13,2003-12-31,49986931.30659515,1943065507.7721276,1976484987.851577,49986931.30659515,49986931.30659515,38.199040160656125,38.199040160656125,38.199040160656125,38.199040160656125,38.199040160656125,38.199040160656125,0.0,0.0,0.0,1959439727.795182
14,2004-12-30,51349679.32534765,1998243751.9380214,2031121818.1476965,51349679.32534765,51349679.32534765,38.22449393954683,38.22449393954683,38.22449393954683,38.22449393954683,38.22449393954683,38.22449393954683,0.0,0.0,0.0,2014165185.494772
15,2005-12-31,51923712.30094621,2012673080.7599194,2044461894.457382,51923712.30094621,51923712.30094621,38.070234124646355,38.070234124646355,38.070234124646355,38.070234124646355,38.070234124646355,38.070234124646355,0.0,0.0,0.0,2028671596.2187483
16,2006-12-31,51861245.59031124,2014502022.3581376,2046843050.8602333,51861245.59031124,51861245.59031124,38.14759937548039,38.14759937548039,38.14759937548039,38.14759937548039,38.14759937548039,38.14759937548039,0.0,0.0,0.0,2030243265.4829032
17,2007-12-31,52407756.31781872,2037549979.977164,2070314278.4310932,52407756.31781872,52407756.31781872,38.199040160656395,38.199040160656395,38.199040160656395,38.199040160656395,38.199040160656395,38.199040160656395,0.0,0.0,0.0,2054333744.63207
18,2008-12-30,51131751.21578712,1989205952.890954,2021639554.6975217,51131751.21578712,51131751.21578712,38.224493939546825,38.224493939546825,38.224493939546825,38.224493939546825,38.224493939546825,38.224493939546825,0.0,0.0,0.0,2005617065.6820579
19,2009-12-31,44280949.110760525,1713388061.2387764,1746158546.9921553,44280949.110760525,44280949.110760525,38.070234124646376,38.070234124646376,38.070234124646376,38.070234124646376,38.070234124646376,38.070234124646376,0.0,0.0,0.0,1730067049.0189655
20,2010-12-31,47235713.0034352,1831312186.8795178,1865032980.1601257,47235713.0034352,47235713.0034352,38.14759937548032,38.14759937548032,38.14759937548032,38.14759937548032,38.14759937548032,38.14759937548032,0.0,0.0,0.0,1849164768.8736475
21,2011-12-31,47756828.02241324,1856591887.9586346,1888105623.3771489,47756828.02241324,47756828.02241324,38.19904016065632,38.19904016065632,38.19904016065632,38.19904016065632,38.19904016065632,38.19904016065632,0.0,0.0,0.0,1872021819.5961335
22,2012-12-30,46244790.35945415,1798131648.2264805,1829727319.9699078,46244790.35945415,46244790.35945415,38.224493939546825,38.224493939546825,38.224493939546825,38.224493939546825,38.224493939546825,38.224493939546825,0.0,0.0,0.0,1813928499.1900227
23,2013-12-31,46550536.158457,1803093609.241478,1833763930.5606964,46550536.158457,46550536.158457,38.07023412464654,38.07023412464654,38.07023412464654,38.07023412464654,38.07023412464654,38.07023412464654,0.0,0.0,0.0,1818740346.3387394
24,2014-12-31,46855446.58642432,1817416280.1554117,1850887011.6405716,46855446.58642432,46855446.58642432,38.14759937548,38.14759937548,38.14759937548,38.14759937548,38.14759937548,38.14759937548,0.0,0.0,0.0,1834278251.5245411
25,2015-12-31,47160357.014391646,1832126875.0936265,1865222812.590365,47160357.014391646,47160357.014391646,38.19904016065663,38.19904016065663,38.19904016065663,38.19904016065663,38.19904016065663,38.19904016065663,0.0,0.0,0.0,1848640728.5980427
26,2016-12-30,47465267.44235897,1845633275.1884146,1877680325.380186,47465267.44235897,47465267.44235897,38.224493939546846,38.224493939546846,38.224493939546846,38.224493939546846,38.224493939546846,38.224493939546846,0.0,0.0,0.0,1861801095.1317797
27,2017-12-31,47771013.24136182,1850621759.209614,1882639532.0584524,47771013.24136182,47771013.24136182,38.07023412464648,38.07023412464648,38.07023412464648,38.07023412464648,38.07023412464648,38.07023412464648,0.0,0.0,0.0,1866424671.7115936
28,2018-12-31,48075923.669329144,1866026721.7047749,1897426739.825427,48075923.669329144,48075923.669329144,38.14759937548002,38.14759937548002,38.14759937548002,38.14759937548002,38.14759937548002,38.14759937548002,0.0,0.0,0.0,1882056999.4130547
29,2019-12-31,48380834.09729647,1805950059.8880475,1992040542.4891675,46074787.23116801,50756176.29962772,38.1990401606564,38.1990401606564,38.1990401606564,38.1990401606564,38.1990401606564,38.1990401606564,0.0,0.0,0.0,1896482258.7859788
30,2020-12-31,48686579.89629932,1606406361.156282,2149824157.4470468,41374569.065836325,55151545.46160279,37.96703781657652,37.96703781657652,37.96703781657652,37.96703781657652,37.96703781657652,37.96703781657652,0.0,0.0,0.0,1897171799.9788697
31,2021-12-31,48991490.32426664,1395544863.7464304,2392579957.3515325,35816038.1708521,61220931.45977068,38.070234124646866,38.070234124646866,38.070234124646866,38.070234124646866,38.070234124646866,38.070234124646866,0.0,0.0,0.0,1914108997.0844693
32,2022-12-31,49296400.75223397,1161327535.339516,2664777246.420494,29759131.69676459,67860699.58807525,38.14759937548001,38.14759937548001,38.14759937548001,38.14759937548001,38.14759937548001,38.14759937548001,0.0,0.0,0.0,1929835747.3015668
33,2023-12-31,49601311.180201285,910052830.7460625,2939781022.903212,23250062.188680314,75016224.94734858,38.199040160656494,38.199040160656494,38.199040160656494,38.199040160656494,38.199040160656494,38.199040160656494,0.0,0.0,0.0,1944323788.9739301
34,2024-12-31,49907056.97920413,619956542.9417635,3233991493.8605943,15692839.065062735,82917512.16801564,37.96703781657595,37.96703781657595,37.96703781657595,37.96703781657595,37.96703781657595,37.96703781657595,0.0,0.0,0.0,1944730176.6226583
35,2025-12-31,50211967.407171465,252655781.57520384,3512156033.3691287,6732937.073644881,90268442.73909889,38.07023412464652,38.07023412464652,38.07023412464652,38.07023412464652,38.07023412464652,38.07023412464652,0.0,0.0,0.0,1961793322.4573092
36,2026-12-31,50516877.83513879,-69826747.54297334,3913361035.6506214,-1903644.0659121624,99906437.76253635,38.14759937548004,38.14759937548004,38.14759937548004,38.14759937548004,38.14759937548004,38.14759937548004,0.0,0.0,0.0,1977614495.190081
37,2027-12-31,50821788.263106115,-431658365.60361075,4308310062.193263,-11115078.395877497,109981386.96677747,38.1990401606566,38.1990401606566,38.1990401606566,38.1990401606566,38.1990401606566,38.1990401606566,0.0,0.0,0.0,1992165319.1618829
38,2028-12-31,51127534.062108964,-800156658.3812535,4693793633.685988,-20459872.839893635,120702467.18614782,37.96703781657581,37.96703781657581,37.96703781657581,37.96703781657581,37.96703781657581,37.96703781657581,0.0,0.0,0.0,1992288553.2664678
39,2029-12-31,51432444.49007629,-1270786567.3699195,5211302267.350258,-32838756.00042741,133136970.47588117,38.07023412464735,38.07023412464735,38.07023412464735,38.07023412464735,38.07023412464735,38.07023412464735,0.0,0.0,0.0,2009477647.8302093
40,2030-12-31,51737354.91804361,-1831667533.510055,5646892568.627438,-46655482.01724026,144121802.94501996,38.1475993754792,38.1475993754792,38.1475993754792,38.1475993754792,38.1475993754792,38.1475993754792,0.0,0.0,0.0,2025393243.07855
41,2031-12-31,52042265.34601094,-2272303759.728097,6049875158.630236,-57909040.243788086,154405452.78661066,38.199040160656025,38.199040160656025,38.199040160656025,38.199040160656025,38.199040160656025,38.199040160656025,0.0,0.0,0.0,2040006849.3498
42,2032-12-31,52348011.14501379,-2720738703.948402,6381225119.685474,-69844708.41285491,163743795.78317764,37.96703781657476,37.96703781657476,37.96703781657476,37.96703781657476,37.96703781657476,37.96703781657476,0.0,0.0,0.0,2039846929.9102292
43,2033-12-31,52652921.572981104,-3262992627.8866987,6917381165.6800585,-83515739.36000568,177005865.9060849,38.070234124644806,38.070234124644806,38.070234124644806,38.070234124644806,38.070234124644806,38.070234124644806,0.0,0.0,0.0,2057161973.202933
44,2034-12-31,52957832.00094843,-3783002667.0161214,7275490469.21129,-96627870.94327778,185955421.29847106,38.147599375479416,38.147599375479416,38.147599375479416,38.147599375479416,38.147599375479416,38.147599375479416,0.0,0.0,0.0,2073171990.9670725
