,ds,trend,yhat_lower,yhat_upper,trend_lower,trend_upper,multiplicative_terms,multiplicative_terms_lower,multiplicative_terms_upper,yearly,yearly_lower,yearly_upper,additive_terms,additive_terms_lower,additive_terms_upper,yhat
0,1990-12-31,39273898.046196215,917435668.5834694,960432326.664704,39273898.046196215,39273898.046196215,22.912985959875844,22.912985959875844,22.912985959875844,22.912985959875844,22.912985959875844,22.912985959875844,0.0,0.0,0.0,939156172.5682855
1,1991-12-31,40542571.15728936,950216465.0107385,994017151.4180561,40542571.15728936,40542571.15728936,22.957018265169364,22.957018265169364,22.957018265169364,22.957018265169364,22.957018265169364,22.957018265169364,0.0,0.0,0.0,971279117.7321099
2,1992-12-30,41240663.72305854,968515310.5604595,1009755483.1673951,41240663.72305854,41240663.72305854,22.986119133936256,22.986119133936256,22.986119133936256,22.986119133936256,22.986119133936256,22.986119133936256,0.0,0.0,0.0,989203473.2238852
3,1993-12-31,41941348.376687996,978987519.1139661,1022900063.8092761,41941348.376687996,41941348.376687996,22.854075840637297,22.854075840637297,22.854075840637297,22.854075840637297,22.854075840637297,22.854075840637297,0.0,0.0,0.0,1000472105.0361054
4,1994-12-31,42640118.60959934,997935884.2084041,1040299199.5488282,42640118.60959934,42640118.60959934,22.912985959875936,22.912985959875936,22.912985959875936,22.912985959875936,22.912985959875936,22.912985959875936,0.0,0.0,0.0,1019652557.6387936
5,1995-12-31,43702443.13242599,1025832470.5662997,1069404305.4758348,43702443.13242599,43702443.13242599,22.957018265169353,22.957018265169353,22.957018265169353,22.957018265169353,22.957018265169353,22.957018265169353,0.0,0.0,0.0,1046980228.3560544
6,1996-12-30,45300181.960640535,1063394277.3123074,1108266329.1036694,45300181.960640535,45300181.960640535,22.98611913393621,22.98611913393621,22.98611913393621,22.98611913393621,22.98611913393621,22.98611913393621,0.0,0.0,0.0,1086575561.296912
7,1997-12-31,46150150.45579368,1078517877.3977308,1123726953.5241604,46150150.45579368,46150150.45579368,22.854075840637407,22.854075840637407,22.854075840637407,22.854075840637407,22.854075840637407,22.854075840637407,0.0,0.0,0.0,1100869189.0293293
8,1998-12-31,47225996.52409892,1108019020.6729562,1151637061.9276972,47225996.52409892,47225996.52409892,22.912985959875943,22.912985959875943,22.912985959875943,22.912985959875943,22.912985959875943,22.912985959875943,0.0,0.0,0.0,1129314591.8219275
9,1999-12-31,48315818.15261185,1134524509.5953312,1178503047.5646718,48315818.15261185,48315818.15261185,22.957018265169488,22.957018265169488,22.957018265169488,22.957018265169488,22.957018265169488,22.957018265169488,0.0,0.0,0.0,1157502937.9787297
10,2000-12-30,49804365.353829496,1172607660.8785143,1214990591.4181607,49804365.353829496,49804365.353829496,22.986119133936125,22.986119133936125,22.986119133936125,22.986119133936125,22.986119133936125,22.986119133936125,0.0,0.0,0.0,1194613440.767035
11,2001-12-31,51485309.523899235,1206613801.9501686,1250475302.7445698,51485309.523899235,51485309.523899235,22.854075840636877,22.854075840636877,22.854075840636877,22.854075840636877,22.854075840636877,22.854075840636877,0.0,0.0,0.0,1228134478.0617564
12,2002-12-31,52944260.99901876,1245116966.861184,1286853608.5078628,52944260.99901876,52944260.99901876,22.912985959875392,22.912985959875392,22.912985959875392,22.912985959875392,22.912985959875392,22.912985959875392,0.0,0.0,0.0,1266055369.925514
13,2003-12-31,54436019.46308563,1283437885.5674248,1326446827.780987,54436019.46308563,54436019.46308563,22.957018265169097,22.957018265169097,22.957018265169097,22.957018265169097,22.957018265169097,22.957018265169097,0.0,0.0,0.0,1304124712.560243
14,2004-12-30,55844936.304111265,1317121347.2981527,1360982559.7943819,55844936.304111265,55844936.304111265,22.986119133936292,22.986119133936292,22.986119133936292,22.986119133936292,22.986119133936292,22.986119133936292,0.0,0.0,0.0,1339503295.2174966
15,2005-12-31,57257713.36495091,1345448500.7784722,1387864506.1500208,57257713.36495091,57257713.36495091,22.854075840637307,22.854075840637307,22.854075840637307,22.854075840637307,22.854075840637307,22.854075840637307,0.0,0.0,0.0,1365829837.0690114
16,2006-12-31,58889238.74763313,1386999541.1743248,1428872515.6472225,58889238.74763313,58889238.74763313,22.912985959876135,22.912985959876135,22.912985959876135,22.912985959876135,22.912985959876135,22.912985959876135,0.0,0.0,0.0,1408217539.3599446
17,2007-12-31,59616777.03368954,1406131787.9465954,1450035038.200838,59616777.03368954,59616777.03368954,22.957018265169356,22.957018265169356,22.957018265169356,22.957018265169356,22.957018265169356,22.957018265169356,0.0,0.0,0.0,1428240216.3066294
18,2008-12-30,60800701.597036324,1437501646.9134996,1482194001.498837,60800701.597036324,60800701.597036324,22.98611913393628,22.98611913393628,22.98611913393628,22.98611913393628,22.98611913393628,22.98611913393628,0.0,0.0,0.0,1458372871.9334233
19,2009-12-31,61987869.9384977,1457487931.5762248,1499059582.064664,61987869.9384977,61987869.9384977,22.854075840637318,22.854075840637318,22.854075840637318,22.854075840637318,22.854075840637318,22.854075840637318,0.0,0.0,0.0,1478663350.7124863
20,2010-12-31,63646141.16443191,1502605404.2998145,1542475877.9189854,63646141.16443191,63646141.16443191,22.912985959876078,22.912985959876078,22.912985959876078,22.912985959876078,22.912985959876078,22.912985959876078,0.0,0.0,0.0,1521969280.065351
21,2011-12-31,61996514.92724517,1464321174.3100865,1507177181.1507137,61996514.92724517,61996514.92724517,22.95701826516928,22.95701826516928,22.95701826516928,22.95701826516928,22.95701826516928,22.95701826516928,0.0,0.0,0.0,1485251640.4888523
22,2012-12-30,62038408.85323672,1467717686.257004,1510046816.9155872,62038408.85323672,62038408.85323672,22.986119133936285,22.986119133936285,22.986119133936285,22.986119133936285,22.986119133936285,22.986119133936285,0.0,0.0,0.0,1488060665.6335835
23,2013-12-31,62133423.0006365,1460663721.2781074,1503211407.631062,62133423.0006365,62133423.0006365,22.854075840637442,22.854075840637442,22.854075840637442,22.854075840637442,22.854075840637442,22.854075840637442,0.0,0.0,0.0,1482135384.49559
24,2014-12-31,62228177.54654066,1467120488.9602678,1509584577.8459787,62228177.54654066,62228177.54654066,22.91298595987582,22.91298595987582,22.91298595987582,22.91298595987582,22.91298595987582,22.91298595987582,0.0,0.0,0.0,1488061535.9790866
25,2015-12-31,62322932.09244482,1470879080.4298959,1515343079.2813206,62322932.09244482,62322932.09244482,22.95701826516958,22.95701826516958,22.95701826516958,22.95701826516958,22.95701826516958,22.95701826516958,0.0,0.0,0.0,1493071622.477624
26,2016-12-30,62417686.63834899,1475102098.2266076,1519454838.3148777,62417686.638349,62417686.638349,22.986119133936324,22.986119133936324,22.986119133936324,22.986119133936324,22.986119133936324,22.986119133936324,0.0,0.0,0.0,1497158067.7721443
27,2017-12-31,62512700.78574877,1469014502.324154,1513389430.1999292,62512700.78574877,62512700.78574877,22.854075840637403,22.854075840637403,22.854075840637403,22.854075840637403,22.854075840637403,22.854075840637403,0.0,0.0,0.0,1491182705.5463245
28,2018-12-31,62607455.33165294,1477417787.7856846,1520833617.8157632,62607455.33165294,62607455.33165294,22.912985959875833,22.912985959875833,22.912985959875833,22.912985959875833,22.912985959875833,22.912985959875833,0.0,0.0,0.0,1497131200.32937
29,2019-12-31,62702209.87755709,1474703937.7922108,1528645666.749429,61912838.34225716,63520411.64622321,22.95701826516936,22.95701826516936,22.95701826516936,22.95701826516936,22.95701826516936,22.95701826516936,0.0,0.0,0.0,1502157987.303118
30,2020-12-31,62797224.02495689,1435972965.429146,1549195733.769279,60470827.48493063,65164702.09934248,22.780358846634325,22.780358846634325,22.780358846634325,22.780358846634325,22.780358846634325,22.780358846634325,0.0,0.0,0.0,1493340521.885961
31,2021-12-31,62891978.57086104,1400878166.347262,1599032702.4121256,58710944.90823205,67088380.938205294,22.854075840637684,22.854075840637684,22.854075840637684,22.854075840637684,22.854075840637684,22.854075840637684,0.0,0.0,0.0,1500230026.5970793
32,2022-12-31,62986733.11676521,1355135605.113741,1655134749.545359,57053958.54393391,69112307.19657922,22.912985959875833,22.912985959875833,22.912985959875833,22.912985959875833,22.912985959875833,22.912985959875833,0.0,0.0,0.0,1506200864.6796527
33,2023-12-31,63081487.66266936,1324959065.7246065,1714346038.6140814,55052725.05131994,71689322.66420712,22.95701826516945,22.95701826516945,22.95701826516945,22.95701826516945,22.95701826516945,22.95701826516945,0.0,0.0,0.0,1511244352.128631
34,2024-12-31,63176501.81006916,1256550759.9873397,1763613686.4824905,53040280.00168,74170971.05043778,22.78035884663393,22.78035884663393,22.78035884663393,22.78035884663393,22.78035884663393,22.78035884663393,0.0,0.0,0.0,1502359883.7184627
35,2025-12-31,63271256.35597331,1184099039.4725008,1834984176.5295022,49917294.809992015,76852566.0325166,22.854075840637428,22.854075840637428,22.854075840637428,22.854075840637428,22.854075840637428,22.854075840637428,0.0,0.0,0.0,1509277347.6478002
36,2026-12-31,63366010.90187748,1107029648.8779335,1909622351.4787846,46188773.74370767,79427146.65531944,22.912985959875854,22.912985959875854,22.912985959875854,22.912985959875854,22.912985959875854,22.912985959875854,0.0,0.0,0.0,1515270529.0299366
37,2027-12-31,63460765.44778164,1057149476.662648,1980462834.3960598,43870732.93271325,82650248.54591721,22.957018265169552,22.957018265169552,22.957018265169552,22.957018265169552,22.957018265169552,22.957018265169552,0.0,0.0,0.0,1520330716.9541454
38,2028-12-31,63555779.59518143,967071998.1447773,2042169457.7110887,40449076.058301345,86160778.37404956,22.780358846633824,22.780358846633824,22.780358846633824,22.780358846633824,22.780358846633824,22.780358846633824,0.0,0.0,0.0,1511379245.5509822
39,2029-12-31,63650534.14108559,879256723.4700851,2132494576.097235,36940074.45499008,89554171.93808757,22.854075840638032,22.854075840638032,22.854075840638032,22.854075840638032,22.854075840638032,22.854075840638032,0.0,0.0,0.0,1518324668.698576
40,2030-12-31,63745288.68698975,788759506.8369933,2234518113.998619,33562421.0762153,93371399.1444972,22.91298595987519,22.91298595987519,22.91298595987519,22.91298595987519,22.91298595987519,22.91298595987519,0.0,0.0,0.0,1524340193.3801765
41,2031-12-31,63840043.23289391,717202476.3204845,2319659230.0016923,29990259.00711581,96447638.03967363,22.957018265169005,22.957018265169005,22.957018265169005,22.957018265169005,22.957018265169005,22.957018265169005,0.0,0.0,0.0,1529417081.7796183
42,2032-12-31,63935057.3802937,591051973.7803782,2362614553.5932713,24496571.04245047,99374055.40412197,22.780358846633092,22.780358846633092,22.780358846633092,22.780358846633092,22.780358846633092,22.780358846633092,0.0,0.0,0.0,1520398607.3834615
43,2033-12-31,64029811.92619786,480028163.748425,2458519758.3203216,20340293.495699745,103243897.04207446,22.854075840636163,22.854075840636163,22.854075840636163,22.854075840636163,22.854075840636163,22.854075840636163,0.0,0.0,0.0,1527371989.7491937
44,2034-12-31,64124566.47210202,400708923.0397547,2565981153.835042,16588609.548555665,107609484.11335282,22.91298595987536,22.91298595987536,22.91298595987536,22.91298595987536,22.91298595987536,22.91298595987536,0.0,0.0,0.0,1533409857.73047
