,ds,trend,yhat_lower,yhat_upper,trend_lower,trend_upper,multiplicative_terms,multiplicative_terms_lower,multiplicative_terms_upper,yearly,yearly_lower,yearly_upper,additive_terms,additive_terms_lower,additive_terms_upper,yhat
0,1990-12-31,3707135.1330241645,112080630.65620454,115056429.89050923,3707135.1330241645,3707135.1330241645,29.635369513285873,29.635369513285873,29.635369513285873,29.635369513285873,29.635369513285873,29.635369513285873,0.0,0.0,0.0,113569454.63587946
1,1991-12-31,3730403.4104389963,112908959.61143178,115789696.85773833,3730403.4104389963,3730403.4104389963,29.63520570574528,29.63520570574528,29.63520570574528,29.63520570574528,29.63520570574528,29.63520570574528,0.0,0.0,0.0,114281675.84421238
2,1992-12-30,3753671.681993372,113497185.05116229,116408504.56299916,3753671.681993372,3753671.681993372,29.615372742246876,29.615372742246876,29.615372742246876,29.615372742246876,29.615372742246876,29.615372742246876,0.0,0.0,0.0,114920057.69624385
3,1993-12-31,3709805.391142775,112112757.39657879,115071554.38253812,3709805.391142775,3709805.391142775,29.61586392186235,29.61586392186235,29.61586392186235,29.61586392186235,29.61586392186235,29.61586392186235,0.0,0.0,0.0,113578897.03181852
4,1994-12-31,3799331.7831133245,114901318.62544557,117810259.67096168,3799331.7831133245,3799331.7831133245,29.63536951328589,29.63536951328589,29.63536951328589,29.63536951328589,29.63536951328589,29.63536951328589,0.0,0.0,0.0,116393933.07924807
5,1995-12-31,3858405.5637968145,116800650.23919526,119657705.34903538,3858405.5637968145,3858405.5637968145,29.635205705745282,29.635205705745282,29.635205705745282,29.635205705745282,29.635205705745282,29.635205705745282,0.0,0.0,0.0,118203048.14310752
6,1996-12-30,3941664.624640957,119262297.6121436,122152209.68006541,3941664.624640957,3941664.624640957,29.615372742246933,29.615372742246933,29.615372742246933,29.615372742246933,29.615372742246933,29.615372742246933,0.0,0.0,0.0,120675531.70831174
7,1997-12-31,3943884.3387410846,119314012.7221229,122166283.48416834,3943884.3387410846,3943884.3387410846,29.615863921862395,29.615863921862395,29.615863921862395,29.615863921862395,29.615863921862395,29.615863921862395,0.0,0.0,0.0,120745426.2384613
8,1998-12-31,3912001.6541048735,118418920.44560517,121302669.76831532,3912001.6541048735,3912001.6541048735,29.635369513285895,29.635369513285895,29.635369513285895,29.635369513285895,29.635369513285895,29.635369513285895,0.0,0.0,0.0,119845616.21008843
9,1999-12-31,3878578.4870241876,117287316.16373193,120286405.07388866,3878578.4870241876,3878578.4870241876,29.635205705745246,29.635205705745246,29.635205705745246,29.635205705745246,29.635205705745246,29.635205705745246,0.0,0.0,0.0,118821049.79586415
10,2000-12-30,4005984.5615016418,121195156.56875554,124033135.13823542,4005984.5615016418,4005984.5615016418,29.615372742247047,29.615372742247047,29.615372742247047,29.615372742247047,29.615372742247047,29.615372742247047,0.0,0.0,0.0,122644710.55005985
11,2001-12-31,4029631.8817459554,121944119.76271017,124867078.79713489,4029631.8817459554,4029631.8817459554,29.615863921862164,29.615863921862164,29.615863921862164,29.615863921862164,29.615863921862164,29.615863921862164,0.0,0.0,0.0,123370661.34673154
12,2002-12-31,4053214.5889716195,122686825.96015313,125624982.16864862,4053214.5889716195,4053214.5889716195,29.635369513285788,29.635369513285788,29.635369513285788,29.635369513285788,29.635369513285788,29.635369513285788,0.0,0.0,0.0,124171726.64978634
13,2003-12-31,3947052.340430291,119533270.87098038,122344728.50668772,3947052.340430291,3947052.340430291,29.635205705745353,29.635205705745353,29.635205705745353,29.635205705745353,29.635205705745353,29.635205705745353,0.0,0.0,0.0,120918760.3804256
14,2004-12-30,3930303.6291605947,118831717.63481025,121865691.64124541,3930303.6291605947,3930303.6291605947,29.615372742246816,29.615372742246816,29.615372742246816,29.615372742246816,29.615372742246816,29.615372742246816,0.0,0.0,0.0,120327710.59695701
15,2005-12-31,3913509.036545788,118314378.3070618,121288763.55618596,3913509.036545788,3913509.036545788,29.615863921862356,29.615863921862356,29.615863921862356,29.615863921862356,29.615863921862356,29.615863921862356,0.0,0.0,0.0,119815460.1198645
16,2006-12-31,3798757.9589111074,114967326.83850291,117919067.97286338,3798757.9589111074,3798757.9589111074,29.635369513285923,29.635369513285923,29.635369513285923,29.635369513285923,29.635369513285923,29.635369513285923,0.0,0.0,0.0,116376353.7627776
17,2007-12-31,3731137.5512264795,112735309.37170193,115824977.0699144,3731137.55122648,3731137.55122648,29.635205705745282,29.635205705745282,29.635205705745282,29.635205705745282,29.635205705745282,29.635205705745282,0.0,0.0,0.0,114304166.39825392
18,2008-12-30,3677992.7278811107,111154547.12323543,114087071.6637569,3677992.7278811107,3677992.7278811107,29.615372742246834,29.615372742246834,29.615372742246834,29.615372742246834,29.615372742246834,29.615372742246834,0.0,0.0,0.0,112603118.30735344
19,2009-12-31,3624702.295027746,109424743.86188626,112437470.15886833,3624702.295027746,3624702.295027746,29.615863921862363,29.615863921862363,29.615863921862363,29.615863921862363,29.615863921862363,29.615863921862363,0.0,0.0,0.0,110973392.22183168
20,2010-12-31,3673750.2662604684,110998112.85097535,113913729.23333436,3673750.2662604684,3673750.2662604684,29.635369513285916,29.635369513285916,29.635369513285916,29.635369513285916,29.635369513285916,29.635369513285916,0.0,0.0,0.0,112546696.90642197
21,2011-12-31,3749216.9309157645,113321240.97997385,116352236.96372469,3749216.9309157645,3749216.9309157645,29.635205705745303,29.635205705745303,29.635205705745303,29.635205705745303,29.635205705745303,29.635205705745303,0.0,0.0,0.0,114858031.91406752
22,2012-12-30,3677286.2708700304,111160079.33210619,113983385.43554108,3677286.2708700304,3677286.2708700304,29.61537274224684,29.61537274224684,29.61537274224684,29.61537274224684,29.61537274224684,29.61537274224684,0.0,0.0,0.0,112581489.86263286
23,2013-12-31,3697583.4268657835,111754974.92157477,114708722.2603916,3697583.4268657835,3697583.4268657835,29.615863921862413,29.615863921862413,29.615863921862413,29.615863921862413,29.615863921862413,29.615863921862413,0.0,0.0,0.0,113204711.03665653
24,2014-12-31,3717825.1261511655,112414444.11848241,115352720.71842015,3717825.1261511655,3717825.1261511655,29.635369513285866,29.635369513285866,29.635369513285866,29.635369513285866,29.635369513285866,29.635369513285866,0.0,0.0,0.0,113896946.5254196
25,2015-12-31,3738066.8254365474,113137397.20148024,115878476.38919705,3738066.8254365474,3738066.8254365474,29.635205705745225,29.635205705745225,29.635205705745225,29.635205705745225,29.635205705745225,29.635205705745225,0.0,0.0,0.0,114516446.13907066
26,2016-12-30,3758308.52472193,113521563.52728447,116456415.18384866,3758308.52472193,3758308.52472193,29.615372742246766,29.615372742246766,29.615372742246766,29.615372742246766,29.615372742246766,29.615372742246766,0.0,0.0,0.0,115062016.36472543
27,2017-12-31,3778605.680717683,114199215.47434488,117140109.95421053,3778605.680717683,3778605.680717683,29.615863921862395,29.615863921862395,29.615863921862395,29.615863921862395,29.615863921862395,29.615863921862395,0.0,0.0,0.0,115685277.3352288
28,2018-12-31,3798847.380003065,114995894.01223393,117816934.93355994,3798847.380003065,3798847.380003065,29.635369513285873,29.635369513285873,29.635369513285873,29.635369513285873,29.635369513285873,29.635369513285873,0.0,0.0,0.0,116379093.2109718
29,2019-12-31,3819089.079288447,113664619.43555585,120474782.04632914,3723906.9352660584,3937564.4429426296,29.63520570574528,29.63520570574528,29.63520570574528,29.63520570574528,29.63520570574528,29.63520570574528,0.0,0.0,0.0,116998579.5525669
30,2020-12-31,3839386.2352842,108439197.22530358,127126590.1707007,3539885.3398686037,4157764.39900938,29.576711838462522,29.576711838462522,29.576711838462522,29.576711838462522,29.576711838462522,29.576711838462522,0.0,0.0,0.0,117395806.55284445
31,2021-12-31,3859627.9345695823,101547118.2044563,134874300.9060697,3323758.2146329316,4391337.788923097,29.615863921862516,29.615863921862516,29.615863921862516,29.615863921862516,29.615863921862516,29.615863921862516,0.0,0.0,0.0,118165843.63380161
32,2022-12-31,3879869.6338549647,93533996.45277974,143540666.42831865,3076164.7587595996,4686216.193255283,29.635369513285873,29.635369513285873,29.635369513285873,29.635369513285873,29.635369513285873,29.635369513285873,0.0,0.0,0.0,118861239.89652401
33,2023-12-31,3900111.3331403467,86102297.02129799,152762183.52654922,2821744.703211396,4986869.918418092,29.635205705745257,29.635205705745257,29.635205705745257,29.635205705745257,29.635205705745257,29.635205705745257,0.0,0.0,0.0,119480712.96606289
34,2024-12-31,3920408.4891361,76876549.99446958,162248404.14150333,2521244.7676897766,5293620.446554245,29.576711838462288,29.576711838462288,29.576711838462288,29.576711838462288,29.576711838462288,29.576711838462288,0.0,0.0,0.0,119873200.66137584
35,2025-12-31,3940650.188421482,66543710.906935096,174187462.78151292,2158520.877240612,5691523.798996107,29.615863921862406,29.615863921862406,29.615863921862406,29.615863921862406,29.615863921862406,29.615863921862406,0.0,0.0,0.0,120646409.93237355
36,2026-12-31,3960891.8877068637,54844506.90927654,185235452.99461612,1758997.0108907726,6061569.382940693,29.63536951328588,29.63536951328588,29.63536951328588,29.63536951328588,29.63536951328588,29.63536951328588,0.0,0.0,0.0,121343386.5820762
37,2027-12-31,3981133.586992246,41827956.565345295,199863182.94708356,1372721.4839437199,6520182.078484667,29.63520570574523,29.63520570574523,29.63520570574523,29.63520570574523,29.63520570574523,29.63520570574523,0.0,0.0,0.0,121962846.37955883
38,2028-12-31,4001430.742987999,31693385.190619703,212697209.07070822,1046425.0016877651,6938104.152898136,29.57671183846222,29.57671183846222,29.57671183846222,29.57671183846222,29.57671183846222,29.57671183846222,0.0,0.0,0.0,122350594.76990783
39,2029-12-31,4021672.4422733816,16660862.434109394,227271743.62391448,570104.7274937639,7397335.469454022,29.615863921862676,29.615863921862676,29.615863921862676,29.615863921862676,29.615863921862676,29.615863921862676,0.0,0.0,0.0,123126976.23094697
40,2030-12-31,4041914.1415587636,3502366.320929823,242732379.92026657,130805.46715962146,7907118.515482547,29.635369513285745,29.635369513285745,29.635369513285745,29.635369513285745,29.635369513285745,29.635369513285745,0.0,0.0,0.0,123825533.26762787
41,2031-12-31,4062155.840844146,-8578898.66998907,258196916.01228634,-302720.17616102984,8423602.596034741,29.635205705745374,29.635205705745374,29.635205705745374,29.635205705745374,29.635205705745374,29.635205705745374,0.0,0.0,0.0,124444979.79305547
42,2032-12-31,4082452.996839899,-24517446.05117217,273842802.9435969,-818816.508104866,8968356.848570334,29.576711838461776,29.576711838461776,29.576711838461776,29.576711838461776,29.576711838461776,29.576711838461776,0.0,0.0,0.0,124827988.8784383
43,2033-12-31,4102694.6961252806,-40029833.49218729,287697572.7262761,-1319663.9777574607,9362182.325019263,29.615863921861845,29.615863921861845,29.615863921861845,29.615863921861845,29.615863921861845,29.615863921861845,0.0,0.0,0.0,125607542.52951592
44,2034-12-31,4122936.395410663,-56531186.97782806,301310458.39613605,-1842988.6079509319,9871266.176154466,29.635369513285784,29.635369513285784,29.635369513285784,29.635369513285784,29.635369513285784,29.635369513285784,0.0,0.0,0.0,126307679.95318021
