,ds,trend,yhat_lower,yhat_upper,trend_lower,trend_upper,multiplicative_terms,multiplicative_terms_lower,multiplicative_terms_upper,yearly,yearly_lower,yearly_upper,additive_terms,additive_terms_lower,additive_terms_upper,yhat
0,1990-12-31,459192.70391633577,24774637.888805352,25857703.096091826,459192.70391633577,459192.70391633577,54.160832602758646,54.160832602758646,54.160832602758646,54.160832602758646,54.160832602758646,54.160832602758646,0.0,0.0,0.0,25329451.873137113
1,1991-12-31,464389.7786885978,24822026.48011549,25903639.95879652,464389.7786885978,464389.7786885978,53.52918001292857,53.52918001292857,53.52918001292857,53.52918001292857,53.52918001292857,53.52918001292857,0.0,0.0,0.0,25322793.83827461
2,1992-12-30,658280.9152682741,34880335.90723624,35990254.13837429,658280.9152682741,658280.9152682741,52.85980507605864,52.85980507605864,52.85980507605864,52.85980507605864,52.85980507605864,52.85980507605864,0.0,0.0,0.0,35454881.78163872
3,1993-12-31,571868.073200331,31303893.126998547,32431485.55712973,571868.073200331,571868.073200331,54.75399428799974,54.75399428799974,54.75399428799974,54.75399428799974,54.75399428799974,54.75399428799974,0.0,0.0,0.0,31883929.28670067
4,1994-12-31,508322.94571343827,27499410.846129864,28619895.37227639,508322.9457134382,508322.9457134382,54.16083260275751,54.16083260275751,54.16083260275751,54.16083260275751,54.16083260275751,54.16083260275751,0.0,0.0,0.0,28039516.916639563
5,1995-12-31,596630.444153663,31993028.172538493,33122495.804029804,596630.444153663,596630.444153663,53.5291800129288,53.5291800129288,53.5291800129288,53.5291800129288,53.5291800129288,53.5291800129288,0.0,0.0,0.0,32533768.890448753
6,1996-12-30,620358.2685593631,32860775.21746063,33932961.66391342,620358.2685593631,620358.2685593631,52.85980507606007,52.85980507606007,52.85980507606007,52.85980507606007,52.85980507606007,52.85980507606007,0.0,0.0,0.0,33412375.42192942
7,1997-12-31,591578.2874929451,32404954.882137775,33529909.59242055,591578.2874929451,591578.2874929451,54.75399428799881,54.75399428799881,54.75399428799881,54.75399428799881,54.75399428799881,54.75399428799881,0.0,0.0,0.0,32982852.46178578
8,1998-12-31,645036.0486366919,35015509.00490744,36129508.02755906,645036.0486366919,645036.0486366919,54.160832602757424,54.160832602757424,54.160832602757424,54.160832602757424,54.160832602757424,54.160832602757424,0.0,0.0,0.0,35580725.50159266
9,1999-12-31,701651.2951219821,37726656.94436015,38786169.42878172,701651.2951219821,701651.2951219821,53.52918001292634,53.52918001292634,53.52918001292634,53.52918001292634,53.52918001292634,53.52918001292634,0.0,0.0,0.0,38260469.77800947
10,2000-12-30,782914.4388992715,41609706.293447204,42677284.205724485,782914.4388992715,782914.4388992715,52.8598050760627,52.8598050760627,52.8598050760627,52.8598050760627,52.8598050760627,52.8598050760627,0.0,0.0,0.0,42167619.07034977
11,2001-12-31,732697.3856791625,40302009.867610775,41366922.465276614,732697.3856791625,732697.3856791625,54.75399428800338,54.75399428800338,54.75399428800338,54.75399428800338,54.75399428800338,54.75399428800338,0.0,0.0,0.0,40850805.855991036
12,2002-12-31,849770.863550804,46320274.957915634,47439086.2687866,849770.863550804,849770.863550804,54.16083260276399,54.16083260276399,54.16083260276399,54.16083260276399,54.16083260276399,54.16083260276399,0.0,0.0,0.0,46874068.355032094
13,2003-12-31,824445.0370996781,44426967.5081657,45537689.30633504,824445.0370996781,824445.0370996781,53.52918001293327,53.52918001293327,53.52918001293327,53.52918001293327,53.52918001293327,53.52918001293327,0.0,0.0,0.0,44956311.83877779
14,2004-12-30,852776.698536791,45350538.58810877,46502157.42636077,852776.698536791,852776.698536791,52.85980507605734,52.85980507605734,52.85980507605734,52.85980507605734,52.85980507605734,52.85980507605734,0.0,0.0,0.0,45930386.75659528
15,2005-12-31,839652.2162893717,46231597.292858705,47377904.435048684,839652.2162893717,839652.2162893717,54.753994287999646,54.753994287999646,54.753994287999646,54.753994287999646,54.753994287999646,54.753994287999646,0.0,0.0,0.0,46813964.87090387
16,2006-12-31,813448.5480743664,44318754.05789085,45454010.5230044,813448.5480743665,813448.5480743665,54.160832602755164,54.160832602755164,54.160832602755164,54.160832602755164,54.160832602755164,54.160832602755164,0.0,0.0,0.0,44870499.19128436
17,2007-12-31,778903.9378064715,41913511.37694063,43018115.72798803,778903.9378064715,778903.9378064715,53.529180012928684,53.529180012928684,53.529180012928684,53.529180012928684,53.529180012928684,53.529180012928684,0.0,0.0,0.0,42472993.03742809
18,2008-12-30,740330.4901310031,39323642.239084676,40396403.73319389,740330.4901310031,740330.4901310031,52.859805076057796,52.859805076057796,52.859805076057796,52.859805076057796,52.859805076057796,52.859805076057796,0.0,0.0,0.0,39874055.890318155
19,2009-12-31,701651.3617289291,38585536.49938298,39652557.59263235,701651.3617289291,701651.3617289291,54.75399428799957,54.75399428799957,54.75399428799957,54.75399428799957,54.75399428799957,54.75399428799957,0.0,0.0,0.0,39119866.01400183
20,2010-12-31,729506.2568089595,39673370.52712794,40789071.40315101,729506.2568089595,729506.2568089595,54.16083260275582,54.16083260275582,54.16083260275582,54.16083260275582,54.16083260275582,54.16083260275582,0.0,0.0,0.0,40240172.51450201
21,2011-12-31,669025.4097931603,35923888.5973338,37080509.95658761,669025.4097931603,669025.4097931603,53.529180012930055,53.529180012930055,53.529180012930055,53.529180012930055,53.529180012930055,53.529180012930055,0.0,0.0,0.0,36481407.00383554
22,2012-12-30,757661.3471875072,40240665.79744788,41360871.81845867,757661.3471875072,757661.3471875072,52.859805076057846,52.859805076057846,52.859805076057846,52.859805076057846,52.859805076057846,52.859805076057846,0.0,0.0,0.0,40807492.47318253
23,2013-12-31,750158.2031229265,41299160.16309179,42360937.488997504,750158.2031229265,750158.2031229265,54.753994287998495,54.753994287998495,54.753994287998495,54.753994287998495,54.753994287998495,54.753994287998495,0.0,0.0,0.0,41824316.17201086
24,2014-12-31,742675.5594519651,40402452.72040905,41523204.83845456,742675.5594519651,742675.5594519651,54.16083260275889,54.16083260275889,54.16083260275889,54.16083260275889,54.16083260275889,54.16083260275889,0.0,0.0,0.0,40966602.21309016
25,2015-12-31,735192.9157810038,39517540.54664225,40657590.71266755,735192.9157810038,735192.9157810038,53.52918001292471,53.52918001292471,53.52918001292471,53.52918001292471,53.52918001292471,53.52918001292471,0.0,0.0,0.0,40089466.84884935
26,2016-12-30,727710.2721100423,38650493.27411679,39731723.86913061,727710.2721100424,727710.2721100424,52.85980507605625,52.85980507605625,52.85980507605625,52.85980507605625,52.85980507605625,52.85980507605625,0.0,0.0,0.0,39194333.407690726
27,2017-12-31,720207.1280454617,39615909.40186553,40746242.08761804,720207.1280454617,720207.1280454617,54.75399428799882,54.75399428799882,54.75399428799882,54.75399428799882,54.75399428799882,54.75399428799882,0.0,0.0,0.0,40154424.103222705
28,2018-12-31,712724.4843745003,38777891.54105803,39895762.11026207,712724.4843745003,712724.4843745003,54.16083260275869,54.16083260275869,54.16083260275869,54.16083260275869,54.16083260275869,54.16083260275869,0.0,0.0,0.0,39314475.97446931
29,2019-12-31,705241.840703539,29839115.420502726,45081093.84242768,551632.1674040766,828713.8803468724,53.5291800129286,53.5291800129286,53.5291800129286,53.5291800129286,53.5291800129286,53.5291800129286,0.0,0.0,0.0,38456259.28437239
30,2020-12-31,697738.6966389584,11561529.648670428,59268251.70331771,210058.70906325328,1052909.0454451828,55.3079433083802,55.3079433083802,55.3079433083802,55.3079433083802,55.3079433083802,55.3079433083802,0.0,0.0,0.0,39288230.974409565
31,2021-12-31,690256.0529679969,-8812642.731778273,75172253.3992095,-160234.8732749755,1349117.368393043,54.75399428799635,54.75399428799635,54.75399428799635,54.75399428799635,54.75399428799635,54.75399428799635,0.0,0.0,0.0,38484532.034432605
32,2022-12-31,682773.4092970355,-29603813.289546,94117977.9048964,-538608.6717404985,1710291.333342173,54.16083260275874,54.16083260275874,54.16083260275874,54.16083260275874,54.16083260275874,54.16083260275874,0.0,0.0,0.0,37662349.73584866
33,2023-12-31,675290.7656260742,-50368605.833282344,110915258.53636914,-919554.1976570267,2036367.484455216,53.52918001292703,53.52918001292703,53.52918001292703,53.52918001292703,53.52918001292703,53.52918001292703,0.0,0.0,0.0,36823051.71989151
34,2024-12-31,667787.6215614936,-76660007.98395462,138275749.5759037,-1356291.8754189566,2454804.529425907,55.30794330838284,55.30794330838284,55.30794330838284,55.30794330838284,55.30794330838284,55.30794330838284,0.0,0.0,0.0,37601747.5369244
35,2025-12-31,660304.9778905322,-107100857.52659735,159091994.9871832,-1917603.4177834415,2853463.2121362546,54.753994287998644,54.753994287998644,54.753994287998644,54.753994287998644,54.753994287998644,54.753994287998644,0.0,0.0,0.0,36814639.965645805
36,2026-12-31,652822.3342195707,-135729856.46838385,187081686.39944986,-2470177.1866873107,3394437.6844225978,54.160832602758504,54.160832602758504,54.160832602758504,54.160832602758504,54.160832602758504,54.160832602758504,0.0,0.0,0.0,36010223.4972278
37,2027-12-31,645339.6905486094,-164305877.19297808,212323381.60853037,-3003264.0864579766,3886765.955384186,53.52918001292522,53.52918001292522,53.52918001292522,53.52918001292522,53.52918001292522,53.52918001292522,0.0,0.0,0.0,35189844.15541057
38,2028-12-31,637836.5464840289,-200184426.42882538,251973239.8546943,-3557717.560888302,4476346.482957356,55.30794330838346,55.30794330838346,55.30794330838346,55.30794330838346,55.30794330838346,55.30794330838346,0.0,0.0,0.0,35915264.09943779
39,2029-12-31,630353.9028130674,-235960172.8214031,272784109.22125137,-4229536.7401822945,4904182.777290787,54.753994287993386,54.753994287993386,54.753994287993386,54.753994287993386,54.753994287993386,54.753994287993386,0.0,0.0,0.0,35144747.8968541
40,2030-12-31,622871.259142106,-266097225.17429408,303803150.64785904,-4832284.150872709,5510175.025122062,54.16083260276639,54.16083260276639,54.16083260276639,54.16083260276639,54.16083260276639,54.16083260276639,0.0,0.0,0.0,34358097.25861204
41,2031-12-31,615388.6154711446,-293573731.8642551,325944102.13006127,-5382510.056454396,5985506.262133055,53.529180012934916,53.529180012934916,53.529180012934916,53.529180012934916,53.529180012934916,53.529180012934916,0.0,0.0,0.0,33556636.590936825
42,2032-12-31,607885.4714065641,-337806476.7772995,374125010.37067777,-5997283.847982363,6643931.238504245,55.30794330838826,55.30794330838826,55.30794330838826,55.30794330838826,55.30794330838826,55.30794330838826,0.0,0.0,0.0,34228780.66195369
43,2033-12-31,600402.8277356026,-380038383.1865328,403959947.3643762,-6817126.295965025,7239942.950995472,54.75399428800953,54.75399428800953,54.75399428800953,54.75399428800953,54.75399428800953,54.75399428800953,0.0,0.0,0.0,33474855.828075558
44,2034-12-31,592920.1840646411,-414011991.79010844,435914643.88011587,-7502292.629468644,7904325.548577728,54.16083260276438,54.16083260276438,54.16083260276438,54.16083260276438,54.16083260276438,54.16083260276438,0.0,0.0,0.0,32705971.019989915
