,ds,trend,yhat_lower,yhat_upper,trend_lower,trend_upper,multiplicative_terms,multiplicative_terms_lower,multiplicative_terms_upper,yearly,yearly_lower,yearly_upper,additive_terms,additive_terms_lower,additive_terms_upper,yhat
0,1990-12-31,3570751.4271771917,147585849.40074697,153873008.38659176,3570751.4271771917,3570751.4271771917,41.23919533004977,41.23919533004977,41.23919533004977,41.23919533004977,41.23919533004977,41.23919533004977,0.0,0.0,0.0,150825667.00759137
1,1991-12-31,3526806.4854731,145811766.3682037,152112447.4809612,3526806.4854731,3526806.4854731,41.24238436658369,41.24238436658369,41.24238436658369,41.24238436658369,41.24238436658369,41.24238436658369,0.0,0.0,0.0,148980715.14591485
2,1992-12-30,3504281.5850588954,144830878.0687488,151081104.58824235,3504281.5850588954,3504281.5850588954,41.21663283476195,41.21663283476195,41.21663283476195,41.21663283476195,41.21663283476195,41.21663283476195,0.0,0.0,0.0,147938969.02604902
3,1993-12-31,3760103.0019463613,155602053.2200195,161820247.88456023,3760103.0019463613,3760103.0019463613,41.20706962412183,41.20706962412183,41.20706962412183,41.20706962412183,41.20706962412183,41.20706962412183,0.0,0.0,0.0,158702929.19701958
4,1994-12-31,3805787.623996503,157618862.82673872,163852473.24532428,3805787.623996503,3805787.623996503,41.239195330049796,41.239195330049796,41.239195330049796,41.239195330049796,41.239195330049796,41.239195330049796,0.0,0.0,0.0,160753406.83467442
5,1995-12-31,4103064.9410390444,170257515.423647,176646486.11520603,4103064.9410390444,4103064.9410390444,41.24238436658369,41.24238436658369,41.24238436658369,41.24238436658369,41.24238436658369,41.24238436658369,0.0,0.0,0.0,173323246.32042536
6,1996-12-30,4177547.6655744463,173187356.41229922,179527221.57232267,4177547.6655744463,4177547.6655744463,41.21663283476204,41.21663283476204,41.21663283476204,41.21663283476204,41.21663283476204,41.21663283476204,0.0,0.0,0.0,176361995.94727367
7,1997-12-31,3958502.3743482884,163850443.25244892,170142149.8345063,3958502.3743482884,3958502.3743482884,41.2070696241219,41.2070696241219,41.2070696241219,41.2070696241219,41.2070696241219,41.2070696241219,0.0,0.0,0.0,167076785.32137007
8,1998-12-31,4148094.0663524354,172206226.1720422,178718767.69938418,4148094.0663524354,4148094.0663524354,41.239195330049796,41.239195330049796,41.239195330049796,41.239195330049796,41.239195330049796,41.239195330049796,0.0,0.0,0.0,175212155.51608106
9,1999-12-31,4134830.113616024,171460625.90831074,177862035.56477797,4134830.113616024,4134830.113616024,41.24238436658365,41.24238436658365,41.24238436658365,41.24238436658365,41.24238436658365,41.24238436658365,0.0,0.0,0.0,174665082.94989285
10,2000-12-30,4395266.121729969,182314766.51299286,188869958.0084736,4395266.121729969,4395266.121729969,41.216632834762194,41.216632834762194,41.216632834762194,41.216632834762194,41.216632834762194,41.216632834762194,0.0,0.0,0.0,185553336.0721433
11,2001-12-31,4429781.5331150275,183894943.85385978,190393838.08396533,4429781.5331150275,4429781.5331150275,41.20706962412152,41.20706962412152,41.20706962412152,41.20706962412152,41.20706962412152,41.20706962412152,0.0,0.0,0.0,186968097.58783373
12,2002-12-31,4288185.160067348,177618410.9026825,184259048.77556264,4288185.160067348,4288185.160067348,41.23919533004961,41.23919533004961,41.23919533004961,41.23919533004961,41.23919533004961,41.23919533004961,0.0,0.0,0.0,181129490.58750477
13,2003-12-31,4370993.154914352,181363435.88547403,187733568.57987386,4370993.154914352,4370993.154914352,41.24238436658377,41.24238436658377,41.24238436658377,41.24238436658377,41.24238436658377,41.24238436658377,0.0,0.0,0.0,184641172.91359872
14,2004-12-30,4451670.590056514,184846298.30241734,191393927.0827598,4451670.590056514,4451670.590056514,41.21663283476189,41.21663283476189,41.21663283476189,41.21663283476189,41.21663283476189,41.21663283476189,0.0,0.0,0.0,187934542.8017237
15,2005-12-31,4532569.058512328,187887596.84371322,194205275.74958482,4532569.058512328,4532569.058512328,41.20706962412183,41.20706962412183,41.20706962412183,41.20706962412183,41.20706962412183,41.20706962412183,0.0,0.0,0.0,191306457.82877016
16,2006-12-31,4431880.981473638,184216061.40375873,190323820.41004515,4431880.981473638,4431880.981473638,41.23919533004987,41.23919533004987,41.23919533004987,41.23919533004987,41.23919533004987,41.23919533004987,0.0,0.0,0.0,187199086.4559981
17,2007-12-31,4471475.27674861,185645069.5202637,192025042.39859524,4471475.27674861,4471475.27674861,41.24238436658369,41.24238436658369,41.24238436658369,41.24238436658369,41.24238436658369,41.24238436658369,0.0,0.0,0.0,188885777.32609096
18,2008-12-30,4509763.208688055,187055225.60301313,193555687.93631083,4509763.208688055,4509763.208688055,41.21663283476192,41.21663283476192,41.21663283476192,41.21663283476192,41.21663283476192,41.21663283476192,0.0,0.0,0.0,190387017.55290142
19,2009-12-31,4298660.434538511,178284278.63317636,184655415.07638094,4298660.434538511,4298660.434538511,41.207069624121836,41.207069624121836,41.207069624121836,41.207069624121836,41.207069624121836,41.207069624121836,0.0,0.0,0.0,181433860.25102475
20,2010-12-31,4371810.965531201,181700879.8799789,187909320.64549947,4371810.965531201,4371810.965531201,41.239195330049846,41.239195330049846,41.239195330049846,41.239195330049846,41.239195330049846,41.239195330049846,0.0,0.0,0.0,184661777.31912622
21,2011-12-31,4320415.478465267,179302781.3987978,185442315.1590159,4320415.478465267,4320415.478465267,41.242384366583714,41.242384366583714,41.242384366583714,41.242384366583714,41.242384366583714,41.242384366583714,0.0,0.0,0.0,182504651.2646675
22,2012-12-30,4299969.698079431,178360298.5554703,184565830.51626804,4299969.698079431,4299969.698079431,41.21663283476191,41.21663283476191,41.21663283476191,41.21663283476191,41.21663283476191,41.21663283476191,0.0,0.0,0.0,181530241.94442138
23,2013-12-31,4291048.549907254,177775722.8410677,184497948.2900533,4291048.549907254,4291048.549907254,41.20706962412192,41.20706962412192,41.20706962412192,41.20706962412192,41.20706962412192,41.20706962412192,0.0,0.0,0.0,181112584.90642288
24,2014-12-31,4282151.776456859,177746058.05629826,183918409.2533971,4282151.776456859,4282151.776456859,41.23919533004975,41.23919533004975,41.23919533004975,41.23919533004975,41.23919533004975,41.23919533004975,0.0,0.0,0.0,180874645.31868082
25,2015-12-31,4273255.003006463,177375568.37478817,183650184.6853838,4273255.003006463,4273255.003006463,41.24238436658362,41.24238436658362,41.24238436658362,41.24238436658362,41.24238436658362,41.24238436658362,0.0,0.0,0.0,180512480.33342546
26,2016-12-30,4264358.229556067,176635507.74305183,183213512.4388225,4264358.229556067,4264358.229556067,41.21663283476182,41.21663283476182,41.21663283476182,41.21663283476182,41.21663283476182,41.21663283476182,0.0,0.0,0.0,180026845.65306342
27,2017-12-31,4255437.08138389,176612383.3494884,182683184.7912909,4255437.08138389,4255437.08138389,41.2070696241219,41.2070696241219,41.2070696241219,41.2070696241219,41.2070696241219,41.2070696241219,0.0,0.0,0.0,179609529.17503992
28,2018-12-31,4246540.3079334935,176036294.1900151,182423761.93479574,4246540.3079334935,4246540.3079334935,41.23919533004976,41.23919533004976,41.23919533004976,41.23919533004976,41.23919533004976,41.23919533004976,0.0,0.0,0.0,179370445.5437325
29,2019-12-31,4237643.534483098,165219296.37212387,192697769.07199076,3933395.7010916127,4532224.101597255,41.24238436658369,41.24238436658369,41.24238436658369,41.24238436658369,41.24238436658369,41.24238436658369,0.0,0.0,0.0,179008166.9922033
30,2020-12-31,4228722.386310921,139081109.02397245,215023345.0240415,3323455.66956413,5092709.50500363,41.14604612524945,41.14604612524945,41.14604612524945,41.14604612524945,41.14604612524945,41.14604612524945,0.0,0.0,0.0,178223928.744335
31,2021-12-31,4219825.612860524,114546449.75392461,243703165.10323545,2723670.150805315,5754253.759199319,41.207069624122106,41.207069624122106,41.207069624122106,41.207069624122106,41.207069624122106,41.207069624122106,0.0,0.0,0.0,178106473.44365788
32,2022-12-31,4210928.839410129,85688890.27827016,274503705.6336941,2041780.6102098164,6496622.145473837,41.23919533004977,41.23919533004977,41.23919533004977,41.23919533004977,41.23919533004977,41.23919533004977,0.0,0.0,0.0,177866245.7687842
33,2023-12-31,4202032.065959733,51437230.672272235,308583700.9033136,1219869.2105441238,7296120.791238633,41.242384366583664,41.242384366583664,41.242384366583664,41.242384366583664,41.242384366583664,41.242384366583664,0.0,0.0,0.0,177503853.65098068
34,2024-12-31,4193110.9177875556,10244454.858353034,343438730.0993333,259005.60027517763,8185116.010865947,41.146046125249086,41.146046125249086,41.146046125249086,41.146046125249086,41.146046125249086,41.146046125249086,0.0,0.0,0.0,176723046.14935985
35,2025-12-31,4184214.14433716,-36806203.44363528,386959710.4262841,-876349.7977007569,9137876.381047182,41.207069624121914,41.207069624121914,41.207069624121914,41.207069624121914,41.207069624121914,41.207069624121914,0.0,0.0,0.0,176603417.71227422
36,2026-12-31,4175317.3708867636,-76781101.56015947,432187712.0040199,-1829246.3816003434,10248691.546732351,41.23919533004977,41.23919533004977,41.23919533004977,41.23919533004977,41.23919533004977,41.23919533004977,0.0,0.0,0.0,176362045.99383587
37,2027-12-31,4166420.597436368,-118889003.75480926,483700391.95189947,-2749182.6732765455,11471753.784010032,41.242384366583636,41.242384366583636,41.242384366583636,41.242384366583636,41.242384366583636,41.242384366583636,0.0,0.0,0.0,175999540.3097581
38,2028-12-31,4157499.4492641906,-166402734.17314112,518465436.88444567,-3931569.0937429043,12313146.784006886,41.14604612524899,41.14604612524899,41.14604612524899,41.14604612524899,41.14604612524899,41.14604612524899,0.0,0.0,0.0,175222163.55438587
39,2029-12-31,4148602.675813795,-210774659.89701644,572348938.0942767,-4953090.122367881,13562422.492797466,41.20706962412234,41.20706962412234,41.20706962412234,41.20706962412234,41.20706962412234,41.20706962412234,0.0,0.0,0.0,175100361.98089308
40,2030-12-31,4139705.9023633986,-263495076.85308468,617572342.9483188,-6272175.12532302,14583216.083184162,41.23919533004954,41.23919533004954,41.23919533004954,41.23919533004954,41.23919533004954,41.23919533004954,0.0,0.0,0.0,174857846.21888658
41,2031-12-31,4130809.128913003,-312269025.13593024,675808094.0359526,-7395090.499945535,15995850.650010178,41.242384366583806,41.242384366583806,41.242384366583806,41.242384366583806,41.242384366583806,41.242384366583806,0.0,0.0,0.0,174495226.96853632
42,2032-12-31,4121887.9807408256,-369280870.0462487,730966428.4920684,-8763344.704509305,17385955.74820521,41.14604612524832,41.14604612524832,41.14604612524832,41.14604612524832,41.14604612524832,41.14604612524832,0.0,0.0,0.0,173721280.9594095
43,2033-12-31,4112991.20729043,-422666565.2953026,785668696.0261105,-10040374.576170413,18587981.048402023,41.20706962412103,41.20706962412103,41.20706962412103,41.20706962412103,41.20706962412103,41.20706962412103,0.0,0.0,0.0,173597306.2495048
44,2034-12-31,4104094.4338400345,-470687917.0626112,846185396.8195888,-11133872.515794018,19981094.90449683,41.2391953300496,41.2391953300496,41.2391953300496,41.2391953300496,41.2391953300496,41.2391953300496,0.0,0.0,0.0,173353646.44393852
