,ds,trend,yhat_lower,yhat_upper,trend_lower,trend_upper,multiplicative_terms,multiplicative_terms_lower,multiplicative_terms_upper,yearly,yearly_lower,yearly_upper,additive_terms,additive_terms_lower,additive_terms_upper,yhat
0,1990-12-31,56205.20317634269,2421098.220690263,2481055.260575835,56205.20317634269,56205.20317634269,42.64726176922403,42.64726176922403,42.64726176922403,42.64726176922403,42.64726176922403,42.64726176922403,0.0,0.0,0.0,2453203.2158302516
1,1991-12-31,54843.2076102153,2396184.576613403,2455827.4841640415,54843.2076102153,54843.2076102153,43.231745113615226,43.231745113615226,43.231745113615226,43.231745113615226,43.231745113615226,43.231745113615226,0.0,0.0,0.0,2425810.780228126
2,1992-12-30,52755.815566829224,2332436.837626934,2392996.288137346,52755.81556682922,52755.81556682922,43.78479368791167,43.78479368791167,43.78479368791167,43.78479368791167,43.78479368791167,43.78479368791167,0.0,0.0,0.0,2362658.3159979656
3,1993-12-31,49564.87397373327,2102271.3904720778,2162629.6601764755,49564.87397373327,49564.87397373327,42.03205483497358,42.03205483497358,42.03205483497358,42.03205483497358,42.03205483497358,42.03205483497358,0.0,0.0,0.0,2132878.374726245
4,1994-12-31,51610.256597621454,2223982.1530942935,2283342.0161605207,51610.256597621454,51610.256597621454,42.647261769225125,42.647261769225125,42.647261769225125,42.647261769225125,42.647261769225125,42.647261769225125,0.0,0.0,0.0,2252646.379693262
5,1995-12-31,49862.04603671187,2176454.116390224,2234984.0615132935,49862.04603671187,49862.04603671187,43.23174511361502,43.23174511361502,43.23174511361502,43.23174511361502,43.23174511361502,43.23174511361502,0.0,0.0,0.0,2205485.3111391775
6,1996-12-30,48113.833113302426,2126611.795883473,2186308.827405,48113.833113302426,48113.833113302426,43.78479368791055,43.78479368791055,43.78479368791055,43.78479368791055,43.78479368791055,43.78479368791055,0.0,0.0,0.0,2154768.089513808
7,1997-12-31,48349.130340671225,2052551.4265435338,2110879.5586324157,48349.130340671225,48349.130340671225,42.03205483497459,42.03205483497459,42.03205483497459,42.03205483497459,42.03205483497459,42.03205483497459,0.0,0.0,0.0,2080562.4280430977
8,1998-12-31,45468.8420639117,1955405.0670450586,2013200.6184493382,45468.8420639117,45468.8420639117,42.647261769225224,42.647261769225224,42.647261769225224,42.647261769225224,42.647261769225224,42.647261769225224,0.0,0.0,0.0,1984590.451907113
9,1999-12-31,38609.21829901379,1677210.595366013,1739636.5223410074,38609.21829901379,38609.21829901379,43.231745113617166,43.231745113617166,43.231745113617166,43.231745113617166,43.231745113617166,43.231745113617166,0.0,0.0,0.0,1707753.1028379817
10,2000-12-30,40131.12205590262,1768338.3570041473,1827801.2493972052,40131.12205590262,40131.12205590262,43.784793687908504,43.784793687908504,43.784793687908504,43.784793687908504,43.784793687908504,43.784793687908504,0.0,0.0,0.0,1797264.0217378733
11,2001-12-31,38421.69748600933,1624313.1120607576,1684299.8198460145,38421.69748600933,38421.69748600933,42.03205483496957,42.03205483496957,42.03205483496957,42.03205483496957,42.03205483496957,42.03205483496957,0.0,0.0,0.0,1653364.5930705662
12,2002-12-31,36680.62384399389,1570941.7326508705,1630141.7351981117,36680.62384399389,36680.62384399389,42.647261769218794,42.647261769218794,42.647261769218794,42.647261769218794,42.647261769218794,42.647261769218794,0.0,0.0,0.0,1601008.7907770497
13,2003-12-31,35811.48497312703,1555438.272474382,1613968.562455334,35811.48497312703,35811.48497312703,43.23174511361111,43.23174511361111,43.23174511361111,43.23174511361111,43.23174511361111,43.23174511361111,0.0,0.0,0.0,1584004.4754712693
14,2004-12-30,36967.65124205605,1625502.8522963885,1685970.0567035512,36967.65124205605,36967.65124205605,43.784793687912675,43.784793687912675,43.784793687912675,43.784793687912675,43.784793687912675,43.784793687912675,0.0,0.0,0.0,1655588.6340021887
15,2005-12-31,38132.35402590451,1610805.8282320926,1674273.104361924,38132.35402590451,38132.35402590451,42.032054834973664,42.032054834973664,42.032054834973664,42.032054834973664,42.032054834973664,42.032054834973664,0.0,0.0,0.0,1640913.5494293517
16,2006-12-31,39502.58088950554,1694676.005999818,1751868.2520161744,39502.58088950554,39502.58088950554,42.647261769227434,42.647261769227434,42.647261769227434,42.647261769227434,42.647261769227434,42.647261769227434,0.0,0.0,0.0,1724179.4886443294
17,2007-12-31,40011.79213766954,1740321.314334985,1797554.616091531,40011.79213766954,40011.79213766954,43.23174511361511,43.23174511361511,43.23174511361511,43.23174511361511,43.23174511361511,43.23174511361511,0.0,0.0,0.0,1769791.3913723482
18,2008-12-30,37859.22289751842,1666439.5291940235,1724522.876654613,37859.22289751842,37859.22289751842,43.78479368791233,43.78479368791233,43.78479368791233,43.78479368791233,43.78479368791233,43.78479368791233,0.0,0.0,0.0,1695517.4866500488
19,2009-12-31,32685.071108555578,1376846.9913115469,1435718.4732900476,32685.071108555578,32685.071108555578,42.03205483497376,42.03205483497376,42.03205483497376,42.03205483497376,42.03205483497376,42.03205483497376,0.0,0.0,0.0,1406505.7722283802
20,2010-12-31,38992.63109572743,1672014.2664147618,1733375.6078366665,38992.63109572743,38992.63109572743,42.647261769226795,42.647261769226795,42.647261769226795,42.647261769226795,42.647261769226795,42.647261769226795,0.0,0.0,0.0,1701921.5765061078
21,2011-12-31,39235.67911812759,1704913.8255614615,1766943.9960965817,39235.67911812759,39235.67911812759,43.231745113613925,43.231745113613925,43.231745113613925,43.231745113613925,43.231745113613925,43.231745113613925,0.0,0.0,0.0,1735462.558112564
22,2012-12-30,36263.633793560584,1592074.7863136558,1655642.9683256214,36263.633793560584,36263.633793560584,43.7847936879123,43.7847936879123,43.7847936879123,43.7847936879123,43.7847936879123,43.7847936879123,0.0,0.0,0.0,1624059.3578186152
23,2013-12-31,36044.326108513684,1522350.9840295918,1579762.4886196675,36044.326108513684,36044.326108513684,42.03205483497493,42.03205483497493,42.03205483497493,42.03205483497493,42.03205483497493,42.03205483497493,0.0,0.0,0.0,1551061.4175912794
24,2014-12-31,35825.61762479205,1536010.493594167,1592259.907561185,35825.61762479205,35825.61762479205,42.647261769223775,42.647261769223775,42.647261769223775,42.647261769223775,42.647261769223775,42.647261769223775,0.0,0.0,0.0,1563690.1105134157
25,2015-12-31,35606.90914107042,1544486.045566885,1604840.368106201,35606.90914107042,35606.90914107042,43.231745113618594,43.231745113618594,43.231745113618594,43.231745113618594,43.231745113618594,43.231745113618594,0.0,0.0,0.0,1574955.7294116027
26,2016-12-30,35388.20065734878,1552459.146604681,1614013.9165648506,35388.20065734878,35388.20065734878,43.784793687913535,43.784793687913535,43.784793687913535,43.784793687913535,43.784793687913535,43.784793687913535,0.0,0.0,0.0,1584853.2654258513
27,2017-12-31,35168.89297230189,1484293.8575208131,1543453.417960596,35168.89297230189,35168.89297230189,42.03205483497457,42.03205483497457,42.03205483497457,42.03205483497457,42.03205483497457,42.03205483497457,0.0,0.0,0.0,1513389.7308694469
28,2018-12-31,34950.18448858025,1494265.6410031028,1552964.0888227203,34950.18448858025,34950.18448858025,42.64726176922397,42.64726176922397,42.64726176922397,42.64726176922397,42.64726176922397,42.64726176922397,0.0,0.0,0.0,1525479.8512557333
29,2019-12-31,34731.47600485862,1316713.8978896472,1720474.6527762187,29987.223560475497,39035.9982439768,43.2317451136152,43.2317451136152,43.2317451136152,43.2317451136152,43.2317451136152,43.2317451136152,0.0,0.0,0.0,1536233.7940665486
30,2020-12-31,34512.16831981172,850165.9934244858,2029574.2329475419,20098.090707053318,47849.501238809025,41.38687307277043,41.38687307277043,41.38687307277043,41.38687307277043,41.38687307277043,41.38687307277043,0.0,0.0,0.0,1462862.898037948
31,2021-12-31,34293.45983609008,394268.8894848904,2485799.830348232,9319.606593002885,57764.850925685474,42.0320548349773,42.0320548349773,42.0320548349773,42.0320548349773,42.0320548349773,42.0320548349773,0.0,0.0,0.0,1475718.0441477199
32,2022-12-31,34074.75135236845,-136047.44137397863,2984052.3611986223,-3052.7159251844023,68195.19372017332,42.64726176922393,42.64726176922393,42.64726176922393,42.64726176922393,42.64726176922393,42.64726176922393,0.0,0.0,0.0,1487269.5919980428
33,2023-12-31,33856.042868646815,-749526.1951786095,3549559.317978326,-17120.449582726866,80076.37710660887,43.23174511361657,43.23174511361657,43.23174511361657,43.23174511361657,43.23174511361657,43.23174511361657,0.0,0.0,0.0,1497511.8587216618
34,2024-12-31,33636.735183599914,-1382795.8480524481,3996030.864444429,-32620.59177440166,94005.9638901628,41.38687307276717,41.38687307276717,41.38687307276717,41.38687307276717,41.38687307276717,41.38687307276717,0.0,0.0,0.0,1425756.0248095314
35,2025-12-31,33418.02669987828,-1981936.556659231,4807194.387293436,-45885.40662534328,110666.30293472718,42.03205483497477,42.03205483497477,42.03205483497477,42.03205483497477,42.03205483497477,42.03205483497477,0.0,0.0,0.0,1438046.3574258133
36,2026-12-31,33199.318216156644,-2586210.722534818,5687817.609085904,-59528.659298249324,130612.39682062888,42.64726176922416,42.64726176922416,42.64726176922416,42.64726176922416,42.64726176922416,42.64726176922416,0.0,0.0,0.0,1449059.332740361
37,2027-12-31,32980.60973243501,-3502882.513197256,6536996.99057722,-79120.11955606793,147999.7682755734,43.23174511361815,43.23174511361815,43.23174511361815,43.23174511361815,43.23174511361815,43.23174511361815,0.0,0.0,0.0,1458789.9233767798
38,2028-12-31,32761.302047388115,-3969164.1470257747,6941312.62039143,-93593.98447187118,164028.58867960752,41.386873072766406,41.386873072766406,41.386873072766406,41.386873072766406,41.386873072766406,41.386873072766406,0.0,0.0,0.0,1388649.1515812022
39,2029-12-31,32542.59356366648,-4966626.791244019,7945546.888894929,-114847.54075036074,184514.107422498,42.032054834980556,42.032054834980556,42.032054834980556,42.032054834980556,42.032054834980556,42.032054834980556,0.0,0.0,0.0,1400374.6707041813
40,2030-12-31,32323.885079944845,-5930803.743953503,8975824.033568436,-135230.89706248007,205907.08509384328,42.64726176921644,42.64726176921644,42.64726176921644,42.64726176921644,42.64726176921644,42.64726176921644,0.0,0.0,0.0,1410849.0734824224
41,2031-12-31,32105.17659622321,-6930454.253033239,10022816.845440941,-156596.84789505077,226697.0245934819,43.23174511360968,43.23174511360968,43.23174511360968,43.23174511360968,43.23174511360968,43.23174511360968,0.0,0.0,0.0,1420067.988031572
42,2032-12-31,31885.86891117631,-7524524.144476918,10566783.42574977,-177665.50180748166,248779.7651457318,41.38687307276047,41.38687307276047,41.38687307276047,41.38687307276047,41.38687307276047,41.38687307276047,0.0,0.0,0.0,1351542.2783527095
43,2033-12-31,31667.160427454677,-8699789.271624016,11734424.471130637,-202201.10065236894,272805.7260229327,42.03205483496281,42.03205483496281,42.03205483496281,42.03205483496281,42.03205483496281,42.03205483496281,0.0,0.0,0.0,1362702.983981794
44,2034-12-31,31448.451943733042,-10183174.46296173,12767870.246060017,-232758.56629651823,292385.490930336,42.647261769218396,42.647261769218396,42.647261769218396,42.647261769218396,42.647261769218396,42.647261769218396,0.0,0.0,0.0,1372638.8142248013
