,ds,trend,yhat_lower,yhat_upper,trend_lower,trend_upper,multiplicative_terms,multiplicative_terms_lower,multiplicative_terms_upper,yearly,yearly_lower,yearly_upper,additive_terms,additive_terms_lower,additive_terms_upper,yhat
0,1990-12-31,45605334.07454064,1769175054.0837545,1801147094.674573,45605334.074540645,45605334.074540645,38.14759937548002,38.14759937548002,38.14759937548002,38.14759937548002,38.14759937548002,38.14759937548002,0.0,0.0,0.0,1785339347.7350447
1,1991-12-31,44042901.41086746,1710305448.0712118,1743339637.399177,44042901.41086746,44042901.41086746,38.1990401606564,38.1990401606564,38.1990401606564,38.1990401606564,38.1990401606564,38.1990401606564,0.0,0.0,0.0,1726439461.196424
2,1992-12-30,43117970.825500906,1676677476.0695658,1707926602.2842357,43117970.825500906,43117970.825500906,38.22449393954681,38.22449393954681,38.22449393954681,38.22449393954681,38.22449393954681,38.22449393954681,0.0,0.0,0.0,1691280585.3304164
3,1993-12-31,42151925.40144567,1630739957.515724,1664306980.4245296,42151925.40144567,42151925.40144567,38.07023412464635,38.07023412464635,38.07023412464635,38.07023412464635,38.07023412464635,38.07023412464635,0.0,0.0,0.0,1646885594.23911
4,1994-12-31,42891986.789423354,1661777551.9168515,1694954313.4320595,42891986.789423354,42891986.789423354,38.14759937548014,38.14759937548014,38.14759937548014,38.14759937548014,38.14759937548014,38.14759937548014,0.0,0.0,0.0,1679118315.2507322
5,1995-12-31,43855686.50464085,1703414464.8148432,1735481874.8474138,43855686.50464085,43855686.50464085,38.19904016065639,38.19904016065639,38.19904016065639,38.19904016065639,38.19904016065639,38.19904016065639,0.0,0.0,0.0,1719100816.568573
6,1996-12-30,44213090.40152363,1717821778.5477073,1750077895.2129805,44213090.40152363,44213090.40152363,38.22449393954679,38.22449393954679,38.22449393954679,38.22449393954679,38.22449393954679,38.22449393954679,0.0,0.0,0.0,1734236096.503198
7,1997-12-31,45892258.63262067,1775893462.0903819,1809848506.6252422,45892258.63262067,45892258.63262067,38.07023412464649,38.07023412464649,38.07023412464649,38.07023412464649,38.07023412464649,38.07023412464649,0.0,0.0,0.0,1793021289.2853186
8,1998-12-31,46284021.61758592,1796442807.820436,1827241046.6562376,46284021.61758592,46284021.61758592,38.147599375480155,38.147599375480155,38.147599375480155,38.147599375480155,38.147599375480155,38.147599375480155,0.0,0.0,0.0,1811908335.7713165
9,1999-12-31,46841022.1423075,1819752008.079547,1852035603.0593905,46841022.1423075,46841022.1423075,38.19904016065654,38.19904016065654,38.19904016065654,38.19904016065654,38.19904016065654,38.19904016065654,0.0,0.0,0.0,1836123108.1225138
10,2000-12-30,48199695.35991326,1873843670.5863812,1908162775.7341583,48199695.35991326,48199695.35991326,38.22449393954674,38.22449393954674,38.22449393954674,38.22449393954674,38.22449393954674,38.22449393954674,0.0,0.0,0.0,1890608658.5329168
11,2001-12-31,49233374.64819723,1908218272.3286195,1939026423.9539466,49233374.64819723,49233374.64819723,38.070234124645765,38.070234124645765,38.070234124645765,38.070234124645765,38.070234124645765,38.070234124645765,0.0,0.0,0.0,1923559474.2514653
12,2002-12-31,49464434.64002652,1920907004.6960404,1954011736.6807709,49464434.64002652,49464434.64002652,38.14759937547946,38.14759937547946,38.14759937547946,38.14759937547946,38.14759937547946,38.14759937547946,0.0,0.0,0.0,1936413870.6223466
13,2003-12-31,49986931.30659515,1943770889.3444421,1976007921.5756433,49986931.30659515,49986931.30659515,38.199040160656125,38.199040160656125,38.199040160656125,38.199040160656125,38.199040160656125,38.199040160656125,0.0,0.0,0.0,1959439727.795182
14,2004-12-30,51349679.32534765,1997229410.9331336,2029839871.6428826,51349679.32534765,51349679.32534765,38.22449393954683,38.22449393954683,38.22449393954683,38.22449393954683,38.22449393954683,38.22449393954683,0.0,0.0,0.0,2014165185.494772
15,2005-12-31,51923712.30094621,2013043990.9983718,2044629717.7600617,51923712.30094621,51923712.30094621,38.070234124646355,38.070234124646355,38.070234124646355,38.070234124646355,38.070234124646355,38.070234124646355,0.0,0.0,0.0,2028671596.2187483
16,2006-12-31,51861245.59031124,2013806135.4929845,2045561887.6848915,51861245.59031124,51861245.59031124,38.14759937548039,38.14759937548039,38.14759937548039,38.14759937548039,38.14759937548039,38.14759937548039,0.0,0.0,0.0,2030243265.4829032
17,2007-12-31,52407756.31781872,2038435213.3538017,2069996383.5833752,52407756.31781872,52407756.31781872,38.199040160656395,38.199040160656395,38.199040160656395,38.199040160656395,38.199040160656395,38.199040160656395,0.0,0.0,0.0,2054333744.63207
18,2008-12-30,51131751.21578712,1989837306.8143327,2021386356.2321398,51131751.21578712,51131751.21578712,38.224493939546825,38.224493939546825,38.224493939546825,38.224493939546825,38.224493939546825,38.224493939546825,0.0,0.0,0.0,2005617065.6820579
19,2009-12-31,44280949.110760525,1713268664.5707064,1745765439.752437,44280949.110760525,44280949.110760525,38.070234124646376,38.070234124646376,38.070234124646376,38.070234124646376,38.070234124646376,38.070234124646376,0.0,0.0,0.0,1730067049.0189655
20,2010-12-31,47235713.0034352,1834395805.487221,1865401619.3325195,47235713.0034352,47235713.0034352,38.14759937548032,38.14759937548032,38.14759937548032,38.14759937548032,38.14759937548032,38.14759937548032,0.0,0.0,0.0,1849164768.8736475
21,2011-12-31,47756828.02241324,1855771979.797748,1889329467.18017,47756828.02241324,47756828.02241324,38.19904016065632,38.19904016065632,38.19904016065632,38.19904016065632,38.19904016065632,38.19904016065632,0.0,0.0,0.0,1872021819.5961335
22,2012-12-30,46244790.35945415,1798190722.429618,1830891467.3028839,46244790.35945415,46244790.35945415,38.224493939546825,38.224493939546825,38.224493939546825,38.224493939546825,38.224493939546825,38.224493939546825,0.0,0.0,0.0,1813928499.1900227
23,2013-12-31,46550536.158457,1802887730.361595,1835020785.874698,46550536.158457,46550536.158457,38.07023412464654,38.07023412464654,38.07023412464654,38.07023412464654,38.07023412464654,38.07023412464654,0.0,0.0,0.0,1818740346.3387394
24,2014-12-31,46855446.58642432,1818209778.0162334,1849712594.8575304,46855446.58642432,46855446.58642432,38.14759937548,38.14759937548,38.14759937548,38.14759937548,38.14759937548,38.14759937548,0.0,0.0,0.0,1834278251.5245411
25,2015-12-31,47160357.014391646,1831565235.173262,1864242990.0490391,47160357.014391646,47160357.014391646,38.19904016065663,38.19904016065663,38.19904016065663,38.19904016065663,38.19904016065663,38.19904016065663,0.0,0.0,0.0,1848640728.5980427
26,2016-12-30,47465267.44235897,1847092085.0915406,1877125508.715069,47465267.44235897,47465267.44235897,38.224493939546846,38.224493939546846,38.224493939546846,38.224493939546846,38.224493939546846,38.224493939546846,0.0,0.0,0.0,1861801095.1317797
27,2017-12-31,47771013.24136182,1850747864.1384053,1882791566.9381452,47771013.24136182,47771013.24136182,38.07023412464648,38.07023412464648,38.07023412464648,38.07023412464648,38.07023412464648,38.07023412464648,0.0,0.0,0.0,1866424671.7115936
28,2018-12-31,48075923.669329144,1867396109.132181,1898576115.7057388,48075923.669329144,48075923.669329144,38.14759937548002,38.14759937548002,38.14759937548002,38.14759937548002,38.14759937548002,38.14759937548002,0.0,0.0,0.0,1882056999.4130547
29,2019-12-31,48380834.09729647,1796034573.2970288,1978283653.08415,45724176.811119504,50509267.35199833,38.1990401606564,38.1990401606564,38.1990401606564,38.1990401606564,38.1990401606564,38.1990401606564,0.0,0.0,0.0,1896482258.7859788
30,2020-12-31,48686579.89629932,1608213708.5000672,2155008600.258232,41221766.204517215,55236332.64353348,37.96703781657652,37.96703781657652,37.96703781657652,37.96703781657652,37.96703781657652,37.96703781657652,0.0,0.0,0.0,1897171799.9788697
31,2021-12-31,48991490.32426664,1407864782.1003819,2379716454.659842,35777145.944892526,61080318.86132863,38.070234124646866,38.070234124646866,38.070234124646866,38.070234124646866,38.070234124646866,38.070234124646866,0.0,0.0,0.0,1914108997.0844693
32,2022-12-31,49296400.75223397,1167486425.5044546,2681303554.717536,29919670.154532894,68270251.61024556,38.14759937548001,38.14759937548001,38.14759937548001,38.14759937548001,38.14759937548001,38.14759937548001,0.0,0.0,0.0,1929835747.3015668
33,2023-12-31,49601311.180201285,894459222.5889143,2966008244.756937,22870636.6196251,75589137.61517243,38.199040160656494,38.199040160656494,38.199040160656494,38.199040160656494,38.199040160656494,38.199040160656494,0.0,0.0,0.0,1944323788.9739301
34,2024-12-31,49907056.97920413,691812215.5161358,3285422386.6176343,17453740.294729646,84322182.28798744,37.96703781657595,37.96703781657595,37.96703781657595,37.96703781657595,37.96703781657595,37.96703781657595,0.0,0.0,0.0,1944730176.6226583
35,2025-12-31,50211967.407171465,406785982.68113816,3598627607.7474027,10676169.474080224,92281439.19043054,38.07023412464652,38.07023412464652,38.07023412464652,38.07023412464652,38.07023412464652,38.07023412464652,0.0,0.0,0.0,1961793322.4573092
36,2026-12-31,50516877.83513879,73857953.21911229,3939282640.8864107,2062780.039055483,100513291.76751332,38.14759937548004,38.14759937548004,38.14759937548004,38.14759937548004,38.14759937548004,38.14759937548004,0.0,0.0,0.0,1977614495.190081
37,2027-12-31,50821788.263106115,-263860092.44932136,4302640143.945285,-7176514.725871882,110062600.42428604,38.1990401606566,38.1990401606566,38.1990401606566,38.1990401606566,38.1990401606566,38.1990401606566,0.0,0.0,0.0,1992165319.1618829
38,2028-12-31,51127534.062108964,-674537542.4973669,4702507079.184621,-17259334.915426955,120479186.30792254,37.96703781657581,37.96703781657581,37.96703781657581,37.96703781657581,37.96703781657581,37.96703781657581,0.0,0.0,0.0,1992288553.2664678
39,2029-12-31,51432444.49007629,-1054919107.1718293,5235855975.286596,-27137578.102462128,134189653.48597518,38.07023412464735,38.07023412464735,38.07023412464735,38.07023412464735,38.07023412464735,38.07023412464735,0.0,0.0,0.0,2009477647.8302093
40,2030-12-31,51737354.91804361,-1457426332.1612396,5670198879.610773,-37565501.536496736,145221629.82715783,38.1475993754792,38.1475993754792,38.1475993754792,38.1475993754792,38.1475993754792,38.1475993754792,0.0,0.0,0.0,2025393243.07855
41,2031-12-31,52042265.34601094,-1862473791.436117,6153172401.075118,-47411055.5646781,156811784.0900288,38.199040160656025,38.199040160656025,38.199040160656025,38.199040160656025,38.199040160656025,38.199040160656025,0.0,0.0,0.0,2040006849.3498
42,2032-12-31,52348011.14501379,-2267141660.4470754,6617718661.837306,-58319420.44037236,170076895.07431918,37.96703781657476,37.96703781657476,37.96703781657476,37.96703781657476,37.96703781657476,37.96703781657476,0.0,0.0,0.0,2039846929.9102292
43,2033-12-31,52652921.572981104,-2772959974.141153,7234924431.555329,-71206180.30734931,185048557.75579116,38.070234124644806,38.070234124644806,38.070234124644806,38.070234124644806,38.070234124644806,38.070234124644806,0.0,0.0,0.0,2057161973.202933
44,2034-12-31,52957832.00094843,-3315423830.2397842,7850780918.160932,-84886180.9368947,200534815.87827292,38.147599375479416,38.147599375479416,38.147599375479416,38.147599375479416,38.147599375479416,38.147599375479416,0.0,0.0,0.0,2073171990.9670725
