,ds,trend,yhat_lower,yhat_upper,trend_lower,trend_upper,multiplicative_terms,multiplicative_terms_lower,multiplicative_terms_upper,yearly,yearly_lower,yearly_upper,additive_terms,additive_terms_lower,additive_terms_upper,yhat
0,1990-12-31,19651.939077766732,5156.505073522822,22451.87702709134,19651.939077766732,19651.939077766732,-0.2870840874545058,-0.2870840874545058,-0.2870840874545058,-0.2870840874545058,-0.2870840874545058,-0.2870840874545058,0.0,0.0,0.0,14010.180080914528
1,1991-12-31,18740.318489973055,4787.161836478452,23135.891615680408,18740.318489973055,18740.318489973055,-0.2326426257335057,-0.2326426257335057,-0.2326426257335057,-0.2326426257335057,-0.2326426257335057,-0.2326426257335057,0.0,0.0,0.0,14380.521589383558
2,1992-12-30,17828.697901431326,5765.786452583423,23995.620543285328,17828.697901431326,17828.697901431326,-0.17867822558923274,-0.17867822558923274,-0.17867822558923274,-0.17867822558923274,-0.17867822558923274,-0.17867822558923274,0.0,0.0,0.0,14643.097795837099
3,1993-12-31,16914.579720546943,2033.2805437902175,19650.77829905902,16914.579720546943,16914.579720546943,-0.34193634291962227,-0.34193634291962227,-0.34193634291962227,-0.34193634291962227,-0.34193634291962227,-0.34193634291962227,0.0,0.0,0.0,11130.870188880715
4,1994-12-31,16002.959133647208,2985.841813990004,20195.938827011116,16002.959133647208,16002.959133647208,-0.2870840874544049,-0.2870840874544049,-0.2870840874544049,-0.2870840874544049,-0.2870840874544049,-0.2870840874544049,0.0,0.0,0.0,11408.764214193965
5,1995-12-31,15091.338545714732,2166.713439006506,20862.849031079077,15091.338545714732,15091.338545714732,-0.232642625733525,-0.232642625733525,-0.232642625733525,-0.232642625733525,-0.232642625733525,-0.232642625733525,0.0,0.0,0.0,11580.449920606101
6,1996-12-30,14179.717958508345,3154.9975177108063,20341.91737562857,14179.717958508345,14179.717958508345,-0.17867822558934415,-0.17867822558934415,-0.17867822558934415,-0.17867822558934415,-0.17867822558934415,-0.17867822558934415,0.0,0.0,0.0,11646.111114324716
7,1997-12-31,13265.599784690654,520.6990510448096,18351.243320641082,13265.599784690654,13265.599784690654,-0.34193634291953434,-0.34193634291953434,-0.34193634291953434,-0.34193634291953434,-0.34193634291953434,-0.34193634291953434,0.0,0.0,0.0,8729.60910767937
8,1998-12-31,12353.979202108892,-619.0904996092465,17911.64802572541,12353.979202108892,12353.979202108892,-0.28708408745439595,-0.28708408745439595,-0.28708408745439595,-0.28708408745439595,-0.28708408745439595,-0.28708408745439595,0.0,0.0,0.0,8807.348356440874
9,1999-12-31,11442.358623771255,95.9928537860138,17701.668524943892,11442.358623771255,11442.358623771255,-0.23264262573332023,-0.23264262573332023,-0.23264262573332023,-0.23264262573332023,-0.23264262573332023,-0.23264262573332023,0.0,0.0,0.0,8780.37826895481
10,2000-12-30,10530.877697426731,260.22524137799587,17304.47839231784,10530.877697426731,10530.877697426731,-0.17867822558954888,-0.17867822558954888,-0.17867822558954888,-0.17867822558954888,-0.17867822558954888,-0.17867822558954888,0.0,0.0,0.0,8649.239156549967
11,2001-12-31,9616.899583136888,-2416.869807449194,14933.738929166444,9616.899583136888,9616.899583136888,-0.34193634291997316,-0.34193634291997316,-0.34193634291997316,-0.34193634291997316,-0.34193634291997316,-0.34193634291997316,0.0,0.0,0.0,6328.532109450447
12,2002-12-31,8705.418680223764,-2314.1987868239926,15040.129086093353,8705.418680223764,8705.418680223764,-0.28708408745498215,-0.28708408745498215,-0.28708408745498215,-0.28708408745498215,-0.28708408745498215,-0.28708408745498215,0.0,0.0,0.0,6206.231502498169
13,2003-12-31,7793.937779397261,-2909.9493701972137,14826.75569327249,7793.937779397261,7793.937779397261,-0.23264262573389766,-0.23264262573389766,-0.23264262573389766,-0.23264262573389766,-0.23264262573389766,-0.23264262573389766,0.0,0.0,0.0,5980.735629591659
14,2004-12-30,6882.45688347777,-3635.563662854897,14516.473656689608,6882.45688347777,6882.45688347777,-0.17867822558913132,-0.17867822558913132,-0.17867822558913132,-0.17867822558913132,-0.17867822558913132,-0.17867822558913132,0.0,0.0,0.0,5652.71169984426
15,2005-12-31,5968.478780418222,-4939.741954505274,11970.730712905586,5968.478780418222,5968.478780418222,-0.341936342919616,-0.341936342919616,-0.341936342919616,-0.341936342919616,-0.341936342919616,-0.341936342919616,0.0,0.0,0.0,3927.638973448685
16,2006-12-31,5057.1125684464705,-4818.163444937866,13065.925416403861,5057.1125684464705,5057.1125684464705,-0.2870840874541938,-0.2870840874541938,-0.2870840874541938,-0.2870840874541938,-0.2870840874541938,-0.2870840874541938,0.0,0.0,0.0,3605.2960215808816
17,2007-12-31,4145.74635909104,-6212.320544247566,11695.437782074609,4145.74635909104,4145.74635909104,-0.2326426257335158,-0.2326426257335158,-0.2326426257335158,-0.2326426257335158,-0.2326426257335158,-0.2326426257335158,0.0,0.0,0.0,3181.2690404869377
18,2008-12-30,3234.3801521917358,-5673.686741766038,11958.306785112143,3234.3801521917358,3234.3801521917358,-0.1786782255891658,-0.1786782255891658,-0.1786782255891658,-0.1786782255891658,-0.1786782255891658,-0.1786782255891658,0.0,0.0,0.0,2656.4668457173
19,2009-12-31,2320.517049402834,-7833.061370467175,10096.820615668215,2320.5170494028343,2320.5170494028343,-0.3419363429196072,-0.3419363429196072,-0.3419363429196072,-0.3419363429196072,-0.3419363429196072,-0.3419363429196072,0.0,0.0,0.0,1527.0479358474315
20,2010-12-31,1409.1508391317798,-7953.694541237856,9965.813421618648,1409.1508391317798,1409.1508391317798,-0.28708408745425296,-0.28708408745425296,-0.28708408745425296,-0.28708408745425296,-0.28708408745425296,-0.28708408745425296,0.0,0.0,0.0,1004.606056394238
21,2011-12-31,497.7846329035784,-8756.167934127538,9418.675600337087,497.7846329035784,497.7846329035784,-0.2326426257336302,-0.2326426257336302,-0.2326426257336302,-0.2326426257336302,-0.2326426257336302,-0.2326426257336302,0.0,0.0,0.0,381.9787088550387
22,2012-12-30,-413.58157061404444,-9216.872827361109,8720.968098888572,-413.58157061404444,-413.58157061404444,-0.17867822558917051,-0.17867822558917051,-0.17867822558917051,-0.17867822558917051,-0.17867822558917051,-0.17867822558917051,0.0,0.0,0.0,-339.68354944034473
23,2013-12-31,-1327.4446657921312,-9920.52490505671,7330.8165574227405,-1327.4446657921312,-1327.4446657921312,-0.34193634291950337,-0.34193634291950337,-0.34193634291950337,-0.34193634291950337,-0.34193634291950337,-0.34193634291950337,0.0,0.0,0.0,-873.5430913431675
24,2014-12-31,-2238.8108672675444,-9998.935353854915,7273.437619702931,-2238.8108672675444,-2238.8108672675444,-0.2870840874545276,-0.2870840874545276,-0.2870840874545276,-0.2870840874545276,-0.2870840874545276,-0.2870840874545276,0.0,0.0,0.0,-1596.0838924547618
25,2015-12-31,-3150.1770687429607,-11556.201461118271,6284.535183955179,-3150.1770687429607,-3150.1770687429607,-0.2326426257331854,-0.2326426257331854,-0.2326426257331854,-0.2326426257331854,-0.2326426257331854,-0.2326426257331854,0.0,0.0,0.0,-2417.3116039461293
26,2016-12-30,-4061.543270218374,-12161.02377059734,5781.55259457985,-4061.543270218374,-4061.543270218374,-0.17867822558904412,-0.17867822558904412,-0.17867822558904412,-0.17867822558904412,-0.17867822558904412,-0.17867822558904412,0.0,0.0,0.0,-3335.8339255426313
27,2017-12-31,-4975.406365396464,-12641.298619899258,5202.831714650373,-4975.406365396464,-4975.406365396464,-0.3419363429195362,-0.3419363429195362,-0.3419363429195362,-0.3419363429195362,-0.3419363429195362,-0.3419363429195362,0.0,0.0,0.0,-3274.134108274216
28,2018-12-31,-5886.772566871878,-13161.327290357433,4358.847025112738,-5886.772566871878,-5886.772566871878,-0.28708408745451075,-0.28708408745451075,-0.28708408745451075,-0.28708408745451075,-0.28708408745451075,-0.28708408745451075,0.0,0.0,0.0,-4196.773836459217
29,2019-12-31,-6798.13876834729,-13600.340920135226,3864.9349804906133,-6798.157973111003,-6798.120828675363,-0.23264262573350825,-0.23264262573350825,-0.23264262573350825,-0.23264262573350825,-0.23264262573350825,-0.23264262573350825,0.0,0.0,0.0,-5216.601915178219
30,2020-12-31,-7712.001863525381,-13253.781586796962,4829.128379509181,-7712.05441763651,-7711.950342762047,-0.39713228732741357,-0.39713228732741357,-0.39713228732741357,-0.39713228732741357,-0.39713228732741357,-0.39713228732741357,0.0,0.0,0.0,-4649.316923590271
31,2021-12-31,-8623.368065000794,-14675.127521377402,3260.0925206622146,-8623.458698081986,-8623.273217394208,-0.3419363429192947,-0.3419363429192947,-0.3419363429192947,-0.3419363429192947,-0.3419363429192947,-0.3419363429192947,0.0,0.0,0.0,-5674.725125207387
32,2022-12-31,-9534.734266476207,-16425.483875287424,1941.6481705582173,-9534.878267642443,-9534.596305714691,-0.2870840874545133,-0.2870840874545133,-0.2870840874545133,-0.2870840874545133,-0.2870840874545133,-0.2870840874545133,0.0,0.0,0.0,-6797.463780463607
33,2023-12-31,-10446.100467951623,-16540.88746415691,832.1617034282789,-10446.3067634952,-10445.913251156026,-0.2326426257333789,-0.2326426257333789,-0.2326426257333789,-0.2326426257333789,-0.2326426257333789,-0.2326426257333789,0.0,0.0,0.0,-8015.8922264126795
34,2024-12-31,-11359.96356312971,-15547.778290802227,2417.10060905367,-11360.232304819343,-11359.720448669234,-0.3971322873276901,-0.3971322873276901,-0.3971322873276901,-0.3971322873276901,-0.3971322873276901,-0.3971322873276901,0.0,0.0,0.0,-6848.555249344791
35,2025-12-31,-12271.32976460512,-16842.823742377514,898.0421762118542,-12271.664429255079,-12271.016621822913,-0.341936342919519,-0.341936342919519,-0.341936342919519,-0.341936342919519,-0.341936342919519,-0.341936342919519,0.0,0.0,0.0,-8075.316142136603
36,2026-12-31,-13182.695966080542,-18195.606079408084,-919.4307069994703,-13183.096609179065,-13182.326247551155,-0.28708408745449365,-0.28708408745449365,-0.28708408745449365,-0.28708408745449365,-0.28708408745449365,-0.28708408745449365,0.0,0.0,0.0,-9398.153724468275
37,2027-12-31,-14094.062167555952,-19684.339105196323,-2285.4556759521556,-14094.526986173156,-14093.632651194965,-0.23264262573322803,-0.23264262573322803,-0.23264262573322803,-0.23264262573322803,-0.23264262573322803,-0.23264262573322803,0.0,0.0,0.0,-10815.182537648385
38,2028-12-31,-15007.92526273404,-17582.339533146376,278.76405042588,-15008.45319672546,-15007.419149426518,-0.3971322873277493,-0.3971322873277493,-0.3971322873277493,-0.3971322873277493,-0.3971322873277493,-0.3971322873277493,0.0,0.0,0.0,-9047.793575100557
39,2029-12-31,-15919.291464209457,-19101.421986379646,-1355.4717220621596,-15919.8992930396,-15918.713615025317,-0.3419363429190138,-0.3419363429190138,-0.3419363429190138,-0.3419363429190138,-0.3419363429190138,-0.3419363429190138,0.0,0.0,0.0,-10475.907159075801
40,2030-12-31,-16830.657665684874,-20536.25676180791,-3689.6030591059052,-16831.3436674894,-16830.01443964655,-0.2870840874551954,-0.2870840874551954,-0.2870840874551954,-0.2870840874551954,-0.2870840874551954,-0.2870840874551954,0.0,0.0,0.0,-11998.843668460942
41,2031-12-31,-17742.023867160282,-22203.37317223983,-4179.113678877517,-17742.810488499308,-17741.279153432086,-0.2326426257340347,-0.2326426257340347,-0.2326426257340347,-0.2326426257340347,-0.2326426257340347,-0.2326426257340347,0.0,0.0,0.0,-13614.472848868201
42,2032-12-31,-18655.88696233837,-20138.463630653743,-2257.1065077585367,-18656.777500550776,-18655.046525196565,-0.39713228732824585,-0.39713228732824585,-0.39713228732824585,-0.39713228732824585,-0.39713228732824585,-0.39713228732824585,0.0,0.0,0.0,-11247.03190084773
43,2033-12-31,-19567.253163813784,-22081.45415649891,-3891.141170843527,-19568.224619835284,-19566.32437204209,-0.34193634292056135,-0.34193634292056135,-0.34193634292056135,-0.34193634292056135,-0.34193634292056135,-0.34193634292056135,0.0,0.0,0.0,-12876.498175978517
44,2034-12-31,-20478.619365289196,-23004.816417687784,-5522.685855174764,-20479.71005951602,-20477.60402381251,-0.2870840874550181,-0.2870840874550181,-0.2870840874550181,-0.2870840874550181,-0.2870840874550181,-0.2870840874550181,0.0,0.0,0.0,-14599.533612466485
