,ds,trend,yhat_lower,yhat_upper,trend_lower,trend_upper,multiplicative_terms,multiplicative_terms_lower,multiplicative_terms_upper,yearly,yearly_lower,yearly_upper,additive_terms,additive_terms_lower,additive_terms_upper,yhat
0,1990-12-31,5075557.137218388,141191902.72613084,144914618.56032658,5075557.137218388,5075557.137218388,27.17195333208842,27.17195333208842,27.17195333208842,27.17195333208842,27.17195333208842,27.17195333208842,0.0,0.0,0.0,142988358.80406472
1,1991-12-31,5071612.361813711,141439927.28297082,145117261.34302032,5071612.361813711,5071612.361813711,27.255908425938614,27.255908425938614,27.255908425938614,27.255908425938614,27.255908425938614,27.255908425938614,0.0,0.0,0.0,143303014.46726647
2,1992-12-30,4905988.759284559,137070409.73768502,140824902.9604502,4905988.759284559,4905988.759284559,27.321350664286193,27.321350664286193,27.321350664286193,27.321350664286193,27.321350664286193,27.321350664286193,0.0,0.0,0.0,138944228.00674433
3,1993-12-31,4876871.257324217,135173570.937492,138717582.03562775,4876871.257324217,4876871.257324217,27.06958764399618,27.06958764399618,27.06958764399618,27.06958764399618,27.06958764399618,27.06958764399618,0.0,0.0,0.0,136891765.18594795
4,1994-12-31,4927893.802072995,137049337.10533231,140613435.9360307,4927893.802072995,4927893.802072995,27.17195333208859,27.17195333208859,27.17195333208859,27.17195333208859,27.17195333208859,27.17195333208859,0.0,0.0,0.0,138828394.21748903
5,1995-12-31,5015386.659383431,139804574.6390021,143606697.70684996,5015386.659383431,5015386.659383431,27.255908425938586,27.255908425938586,27.255908425938586,27.255908425938586,27.255908425938586,27.255908425938586,0.0,0.0,0.0,141714306.16821226
6,1996-12-30,5115831.492735925,143010871.64289793,146782169.99030283,5115831.492735925,5115831.492735925,27.32135066428608,27.32135066428608,27.32135066428608,27.32135066428608,27.32135066428608,27.32135066428608,0.0,0.0,0.0,144887257.64517224
7,1997-12-31,5086870.981131325,140952256.5076662,144765461.201467,5086870.981131325,5086870.981131325,27.06958764399636,27.06958764399636,27.06958764399636,27.06958764399636,27.06958764399636,27.06958764399636,0.0,0.0,0.0,142786370.83856747
8,1998-12-31,5087088.5497907065,141568902.8740378,145195068.4825289,5087088.5497907065,5087088.5497907065,27.1719533320886,27.1719533320886,27.1719533320886,27.1719533320886,27.1719533320886,27.1719533320886,0.0,0.0,0.0,143313221.22090605
9,1999-12-31,5123597.813067589,142899025.62112674,146579613.6217074,5123597.813067589,5123597.813067589,27.25590842593887,27.25590842593887,27.25590842593887,27.25590842593887,27.25590842593887,27.25590842593887,0.0,0.0,0.0,144771910.61737844
10,2000-12-30,5160107.071518936,144266167.54252094,148026237.28956607,5160107.071518936,5160107.071518936,27.321350664285863,27.321350664285863,27.321350664285863,27.321350664285863,27.321350664285863,27.321350664285863,0.0,0.0,0.0,146141201.837749
11,2001-12-31,5239187.647687881,145129290.88590166,148886428.83825424,5239187.647687881,5239187.647687881,27.069587643995472,27.069587643995472,27.069587643995472,27.069587643995472,27.069587643995472,27.069587643995472,0.0,0.0,0.0,147061836.86011344
12,2002-12-31,5348340.704362708,148914137.4579386,152484063.20048702,5348340.704362708,5348340.704362708,27.171953332087604,27.171953332087604,27.171953332087604,27.171953332087604,27.171953332087604,27.171953332087604,0.0,0.0,0.0,150673204.72741076
13,2003-12-31,5404963.330768135,150782930.05522013,154433919.90869582,5404963.330768135,5404963.330768135,27.255908425938074,27.255908425938074,27.255908425938074,27.255908425938074,27.255908425938074,27.255908425938074,0.0,0.0,0.0,152722148.91973767
14,2004-12-30,5411587.413879941,151470674.60547128,155147262.91939455,5411587.413879941,5411587.413879941,27.3213506642863,27.3213506642863,27.3213506642863,27.3213506642863,27.3213506642863,27.3213506642863,0.0,0.0,0.0,153263464.79893205
15,2005-12-31,5501426.573980109,152736696.2977826,156282568.77296153,5501426.573980108,5501426.573980108,27.0695876439962,27.0695876439962,27.0695876439962,27.0695876439962,27.0695876439962,27.0695876439962,0.0,0.0,0.0,154422775.38534442
16,2006-12-31,5590301.088841753,155647575.8739616,159318026.17715195,5590301.088841753,5590301.088841753,27.171953332088947,27.171953332088947,27.171953332088947,27.171953332088947,27.171953332088947,27.171953332088947,0.0,0.0,0.0,157489701.3871759
17,2007-12-31,5592301.249180876,156213599.44094732,159837142.97289896,5592301.249180876,5592301.249180876,27.2559084259386,27.2559084259386,27.2559084259386,27.2559084259386,27.2559084259386,27.2559084259386,0.0,0.0,0.0,158015551.98711687
18,2008-12-30,5476707.70387422,153277706.346055,156999503.666523,5476707.70387422,5476707.70387422,27.32135066428626,27.32135066428626,27.32135066428626,27.32135066428626,27.32135066428626,27.32135066428626,0.0,0.0,0.0,155107759.36721984
19,2009-12-31,5360797.450880974,148664913.40915605,152448072.127816,5360797.450880974,5360797.450880974,27.069587643996222,27.069587643996222,27.069587643996222,27.069587643996222,27.069587643996222,27.069587643996222,0.0,0.0,0.0,150475373.88921502
20,2010-12-31,5406311.724972465,150370426.94412938,154165062.87553284,5406311.724972465,5406311.724972465,27.171953332088847,27.171953332088847,27.171953332088847,27.171953332088847,27.171953332088847,27.171953332088847,0.0,0.0,0.0,152306361.61464903
21,2011-12-31,5424116.964436855,151398029.3237688,155069890.63309044,5424116.964436855,5424116.964436855,27.255908425938443,27.255908425938443,27.255908425938443,27.255908425938443,27.255908425938443,27.255908425938443,0.0,0.0,0.0,153263352.23870698
22,2012-12-30,5302236.357741857,148430681.189307,151994218.38224244,5302236.357741857,5302236.357741857,27.32135066428626,27.32135066428626,27.32135066428626,27.32135066428626,27.32135066428626,27.32135066428626,0.0,0.0,0.0,150166495.1925351
23,2013-12-31,5257182.408327751,145757064.71571004,149487136.62841418,5257182.408327751,5257182.408327751,27.069587643996417,27.069587643996417,27.069587643996417,27.069587643996417,27.069587643996417,27.069587643996417,0.0,0.0,0.0,147566942.37103197
24,2014-12-31,5212251.55713609,145119268.0159845,148656089.34083813,5212251.55713609,5212251.55713609,27.17195333208838,27.17195333208838,27.17195333208838,27.17195333208838,27.17195333208838,27.17195333208838,0.0,0.0,0.0,146839307.6227429
25,2015-12-31,5167320.705944426,144191235.08150947,147732979.53377324,5167320.705944426,5167320.705944426,27.255908425939058,27.255908425939058,27.255908425939058,27.255908425939058,27.255908425939058,27.255908425939058,0.0,0.0,0.0,146007340.67462447
26,2016-12-30,5122389.854752764,143151053.198458,146921412.7614741,5122389.854752764,5122389.854752764,27.321350664286385,27.321350664286385,27.321350664286385,27.321350664286385,27.321350664286385,27.321350664286385,0.0,0.0,0.0,145072999.31563604
27,2017-12-31,5077335.90533866,140617571.3128645,144353516.45160666,5077335.90533866,5077335.90533866,27.069587643996357,27.069587643996357,27.069587643996357,27.069587643996357,27.069587643996357,27.069587643996357,0.0,0.0,0.0,142518725.19291312
28,2018-12-31,5032405.054146997,139914719.35140604,143553956.9227529,5032405.054146997,5032405.054146997,27.171953332088407,27.171953332088407,27.171953332088407,27.171953332088407,27.171953332088407,27.171953332088407,0.0,0.0,0.0,141772680.33359504
29,2019-12-31,4987474.202955335,137195024.95118412,144031770.748069,4863844.067116437,5088312.204169693,27.255908425938607,27.255908425938607,27.255908425938607,27.255908425938607,27.255908425938607,27.255908425938607,0.0,0.0,0.0,140925614.3554371
30,2020-12-31,4942420.25354123,128439653.58783391,145992698.4668524,4595343.26546434,5221395.558088406,26.94893551247025,26.94893551247025,26.94893551247025,26.94893551247025,26.94893551247025,26.94893551247025,0.0,0.0,0.0,138135384.9417507
31,2021-12-31,4897489.402349568,119865526.34083301,151869540.4195864,4272018.577002923,5390815.365720978,27.06958764399684,27.06958764399684,27.06958764399684,27.06958764399684,27.06958764399684,27.06958764399684,0.0,0.0,0.0,137470508.0147969
32,2022-12-31,4852558.551157906,110895905.0401088,159150585.01059714,3928204.3474725806,5644626.577913145,27.1719533320884,27.1719533320884,27.1719533320884,27.1719533320884,27.1719533320884,27.1719533320884,0.0,0.0,0.0,136706053.044447
33,2023-12-31,4807627.6999662435,102910269.41746832,167850932.3018358,3624607.0241625085,5932928.970051834,27.25590842593879,27.25590842593879,27.25590842593879,27.25590842593879,27.25590842593879,27.25590842593879,0.0,0.0,0.0,135843888.03625292
34,2024-12-31,4762573.750552138,90069883.32926624,172814604.96331227,3239649.2776338113,6186334.176265158,26.94893551246961,26.94893551246961,26.94893551246961,26.94893551246961,26.94893551246961,26.94893551246961,0.0,0.0,0.0,133108866.62756224
35,2025-12-31,4717642.899360477,77684859.11845963,183611762.33020723,2770146.6207010266,6523986.866001536,27.069587643996393,27.069587643996393,27.069587643996393,27.069587643996393,27.069587643996393,27.069587643996393,0.0,0.0,0.0,132422290.83667617
36,2026-12-31,4672712.048168815,64878128.594776854,195878390.19868904,2298162.583010481,6917533.172806487,27.171953332088442,27.171953332088442,27.171953332088442,27.171953332088442,27.171953332088442,27.171953332088442,0.0,0.0,0.0,131639425.75529926
37,2027-12-31,4627781.1969771525,50152532.03167227,209724607.0957852,1787977.656652816,7451468.228394893,27.255908425938998,27.255908425938998,27.255908425938998,27.255908425938998,27.255908425938998,27.255908425938998,0.0,0.0,0.0,130762161.71706878
38,2028-12-31,4582727.247563047,30997568.706861548,219641848.48637092,1110002.8066231925,7881109.135875154,26.94893551246945,26.94893551246945,26.94893551246945,26.94893551246945,26.94893551246945,26.94893551246945,0.0,0.0,0.0,128082348.31337623
39,2029-12-31,4537796.396371385,13720267.898021564,228842384.14383176,458796.6608381384,8140773.753543763,27.069587643997416,27.069587643997416,27.069587643997416,27.069587643997416,27.069587643997416,27.069587643997416,0.0,0.0,0.0,127374073.65856223
40,2030-12-31,4492865.545179723,-1271765.5303078482,242824642.1404633,-74821.57496774831,8614117.938369947,27.171953332087238,27.171953332087238,27.171953332087238,27.171953332087238,27.171953332087238,27.171953332087238,0.0,0.0,0.0,126572798.46614584
41,2031-12-31,4447934.693988061,-16217962.70982589,253515580.18572098,-637975.4969452011,8982051.5406679,27.255908425937882,27.255908425937882,27.255908425937882,27.255908425937882,27.255908425937882,27.255908425937882,0.0,0.0,0.0,125680435.39787868
42,2032-12-31,4402880.744573956,-34236527.68146801,263913280.70208013,-1179607.6778500467,9422286.822493337,26.94893551246828,26.94893551246828,26.94893551246828,26.94893551246828,26.94893551246828,26.94893551246828,0.0,0.0,0.0,123055829.99918585
43,2033-12-31,4357949.893382293,-50768239.60236089,277406407.73038846,-1821454.0499256628,9882661.254938647,27.069587643994275,27.069587643994275,27.069587643994275,27.069587643994275,27.069587643994275,27.069587643994275,0.0,0.0,0.0,122325856.48042978
44,2034-12-31,4313019.042190632,-63422983.0146603,295693719.5326359,-2256305.0824434846,10492103.418264857,27.171953332087547,27.171953332087547,27.171953332087547,27.171953332087547,27.171953332087547,27.171953332087547,0.0,0.0,0.0,121506171.1769994
