,ds,trend,yhat_lower,yhat_upper,trend_lower,trend_upper,multiplicative_terms,multiplicative_terms_lower,multiplicative_terms_upper,yearly,yearly_lower,yearly_upper,additive_terms,additive_terms_lower,additive_terms_upper,yhat
0,1990-12-31,-27903.149171928373,-46165.91753288758,15990.759812306258,-27903.149171928373,-27903.149171928373,-0.43407539650160093,-0.43407539650160093,-0.43407539650160093,-0.43407539650160093,-0.43407539650160093,-0.43407539650160093,0.0,0.0,0.0,-15791.078631480248
1,1991-12-31,-24502.133108805054,-44287.44868106831,18712.906994758065,-24502.133108805054,-24502.133108805054,-0.5134519591190376,-0.5134519591190376,-0.5134519591190376,-0.5134519591190376,-0.5134519591190376,-0.5134519591190376,0.0,0.0,0.0,-11921.464861493663
2,1992-12-30,-21101.11704589933,-42817.00551179446,22375.478409417858,-21101.11704589933,-21101.11704589933,-0.5927284112641276,-0.5927284112641276,-0.5927284112641276,-0.5927284112641276,-0.5927284112641276,-0.5927284112641276,0.0,0.0,0.0,-8593.885463385019
3,1993-12-31,-17690.783131548513,-42917.89335494589,18896.537324268673,-17690.783131548513,-17690.783131548513,-0.3546953435785207,-0.3546953435785207,-0.3546953435785207,-0.3546953435785207,-0.3546953435785207,-0.3546953435785207,0.0,0.0,0.0,-11415.944730530815
4,1994-12-31,-14289.767070872389,-38911.8019028636,22049.737278931796,-14289.767070872389,-14289.767070872389,-0.43407539650174704,-0.43407539650174704,-0.43407539650174704,-0.43407539650174704,-0.43407539650174704,-0.43407539650174704,0.0,0.0,0.0,-8086.93076366585
5,1995-12-31,-10888.751009573512,-36165.10523823718,25562.349173619943,-10888.751009573512,-10888.751009573512,-0.5134519591190094,-0.5134519591190094,-0.5134519591190094,-0.5134519591190094,-0.5134519591190094,-0.5134519591190094,0.0,0.0,0.0,-5297.9004713489
6,1996-12-30,-7487.7349500286,-33623.69061449154,28790.621698138988,-7487.7349500286,-7487.7349500286,-0.5927284112639635,-0.5927284112639635,-0.5927284112639635,-0.5927284112639635,-0.5927284112639635,-0.5927284112639635,0.0,0.0,0.0,-3049.541709132495
7,1997-12-31,-4077.4010366260654,-33403.94951518687,30762.81674354543,-4077.4010366260654,-4077.4010366260654,-0.35469534357864796,-0.35469534357864796,-0.35469534357864796,-0.35469534357864796,-0.35469534357864796,-0.35469534357864796,0.0,0.0,0.0,-2631.165875032048
8,1998-12-31,-676.3849752645699,-29115.285836654613,28555.932551583646,-676.3849752645699,-676.3849752645699,-0.43407539650175964,-0.43407539650175964,-0.43407539650175964,-0.43407539650175964,-0.43407539650175964,-0.43407539650175964,0.0,0.0,0.0,-382.7828989387688
9,1999-12-31,2724.6310875221247,-30011.83710444474,32849.255648916915,2724.6310875221247,2724.6310875221247,-0.5134519591193095,-0.5134519591193095,-0.5134519591193095,-0.5134519591193095,-0.5134519591193095,-0.5134519591193095,0.0,0.0,0.0,1325.6639177565148
10,2000-12-30,6125.647150500865,-28665.179681345275,33724.207155514,6125.647150500865,6125.647150500865,-0.5927284112636602,-0.5927284112636602,-0.5927284112636602,-0.5927284112636602,-0.5927284112636602,-0.5927284112636602,0.0,0.0,0.0,2494.80204702272
11,2001-12-31,9535.981065536456,-22773.49327756141,35569.65695054409,9535.981065536456,9535.981065536456,-0.3546953435780165,-0.3546953435780165,-0.3546953435780165,-0.3546953435780165,-0.3546953435780165,-0.3546953435780165,0.0,0.0,0.0,6153.612985142543
12,2002-12-31,12936.997126660772,-25241.78466549845,38358.81702131919,12936.997126660772,12936.997126660772,-0.4340753965009082,-0.4340753965009082,-0.4340753965009082,-0.4340753965009082,-0.4340753965009082,-0.4340753965009082,0.0,0.0,0.0,7321.364969374387
13,2003-12-31,16338.013190204558,-23025.403030161946,41311.305882330395,16338.013190204558,16338.013190204558,-0.513451959118464,-0.513451959118464,-0.513451959118464,-0.513451959118464,-0.513451959118464,-0.513451959118464,0.0,0.0,0.0,7949.228309590722
14,2004-12-30,19739.029255342306,-19344.270423489383,38931.76888118914,19739.029255342306,19739.029255342306,-0.5927284112642768,-0.5927284112642768,-0.5927284112642768,-0.5927284112642768,-0.5927284112642768,-0.5927284112642768,0.0,0.0,0.0,8039.145804924181
15,2005-12-31,23149.363174250848,-15798.770040031626,45691.52699470115,23149.363174250848,23149.363174250848,-0.35469534357853183,-0.35469534357853183,-0.35469534357853183,-0.35469534357853183,-0.35469534357853183,-0.35469534357853183,0.0,0.0,0.0,14938.391849535732
16,2006-12-31,26551.370473958104,-16159.425173745596,44720.59233883987,26551.370473958104,26551.370473958104,-0.43407539650205185,-0.43407539650205185,-0.43407539650205185,-0.43407539650205185,-0.43407539650205185,-0.43407539650205185,0.0,0.0,0.0,15026.073807801868
17,2007-12-31,29953.377772064694,-17757.738593976774,45997.155936107454,29953.377772064694,29953.377772064694,-0.5134519591190226,-0.5134519591190226,-0.5134519591190226,-0.5134519591190226,-0.5134519591190226,-0.5134519591190226,0.0,0.0,0.0,14573.757272765892
18,2008-12-30,33355.38506860985,-17523.47350137655,45366.733261908346,33355.38506860985,33355.38506860985,-0.5927284112642252,-0.5927284112642252,-0.5927284112642252,-0.5927284112642252,-0.5927284112642252,-0.5927284112642252,0.0,0.0,0.0,13584.700669786276
19,2009-12-31,36766.71293274969,-7110.17012556337,55143.125260000874,36766.71293274969,36766.71293274969,-0.3546953435785445,-0.3546953435785445,-0.3546953435785445,-0.3546953435785445,-0.3546953435785445,-0.3546953435785445,0.0,0.0,0.0,23725.731056814322
20,2010-12-31,40168.72031144959,-9030.07504827546,53443.723582569415,40168.72031144959,40168.72031144959,-0.43407539650196636,-0.43407539650196636,-0.43407539650196636,-0.43407539650196636,-0.43407539650196636,-0.43407539650196636,0.0,0.0,0.0,22732.46711528052
21,2011-12-31,43570.72769268562,-7389.994107709691,53378.07288160384,43570.72769268562,43570.72769268562,-0.5134519591188557,-0.5134519591188557,-0.5134519591188557,-0.5134519591188557,-0.5134519591188557,-0.5134519591188557,0.0,0.0,0.0,21199.25219864201
22,2012-12-30,46972.73507496988,-11291.454784536472,49076.00317167529,46972.73507496988,46972.73507496988,-0.5927284112642207,-0.5927284112642207,-0.5927284112642207,-0.5927284112642207,-0.5927284112642207,-0.5927284112642207,0.0,0.0,0.0,19130.66044124785
23,2013-12-31,50384.063024162286,1901.7796391860752,61469.39549736091,50384.063024162286,50384.063024162286,-0.35469534357869126,-0.35469534357869126,-0.35469534357869126,-0.35469534357869126,-0.35469534357869126,-0.35469534357869126,0.0,0.0,0.0,32513.07047891661
24,2014-12-31,53786.0704051875,-1750.5090473838707,60380.11741131122,53786.0704051875,53786.0704051875,-0.4340753965015691,-0.4340753965015691,-0.4340753965015691,-0.4340753965015691,-0.4340753965015691,-0.4340753965015691,0.0,0.0,0.0,30438.860567794425
25,2015-12-31,57188.077786212714,-3715.773262775438,59730.32498038056,57188.077786212714,57188.077786212714,-0.5134519591195073,-0.5134519591195073,-0.5134519591195073,-0.5134519591195073,-0.5134519591195073,-0.5134519591195073,0.0,0.0,0.0,27824.747208603025
26,2016-12-30,60590.08516723793,-4660.377287058775,57265.44390669962,60590.08516723793,60590.08516723793,-0.5927284112644021,-0.5927284112644021,-0.5927284112644021,-0.5927284112644021,-0.5927284112644021,-0.5927284112644021,0.0,0.0,0.0,24676.620247686176
27,2017-12-31,64001.41311643034,11506.828010791001,72945.33864921365,64001.41311643034,64001.41311643034,-0.35469534357864574,-0.35469534357864574,-0.35469534357864574,-0.35469534357864574,-0.35469534357864574,-0.35469534357864574,0.0,0.0,0.0,41300.40990157924
28,2018-12-31,67403.42049745555,7799.135617731409,68822.9784076991,67403.42049745555,67403.42049745555,-0.4340753965015941,-0.4340753965015941,-0.4340753965015941,-0.4340753965015941,-0.4340753965015941,-0.4340753965015941,0.0,0.0,0.0,38145.25401945886
29,2019-12-31,70805.42787848077,3152.8571094774406,64647.84301442354,70805.36991373618,70805.500248231,-0.5134519591190332,-0.5134519591190332,-0.5134519591190332,-0.5134519591190332,-0.5134519591190332,-0.5134519591190332,0.0,0.0,0.0,34450.24221801341
30,2020-12-31,74216.75582767317,22102.8970400531,87243.87505302147,74216.5705633992,74216.96469392694,-0.27540825730941887,-0.27540825730941887,-0.27540825730941887,-0.27540825730941887,-0.27540825730941887,-0.27540825730941887,0.0,0.0,0.0,53776.84844201505
31,2021-12-31,77618.7632086984,19421.93916686098,83412.77849268493,77618.42592216564,77619.1412228002,-0.354695343578988,-0.354695343578988,-0.354695343578988,-0.354695343578988,-0.354695343578988,-0.354695343578988,0.0,0.0,0.0,50087.749324213
32,2022-12-31,81020.7705897236,14336.498470126122,78758.93720512968,81020.24947086287,81021.35524505471,-0.43407539650158866,-0.43407539650158866,-0.43407539650158866,-0.43407539650158866,-0.43407539650158866,-0.43407539650158866,0.0,0.0,0.0,45851.64747112508
33,2023-12-31,84422.77797074884,11770.225137699988,74075.73667767887,84422.02588688608,84423.58587876309,-0.5134519591192249,-0.5134519591192249,-0.5134519591192249,-0.5134519591192249,-0.5134519591192249,-0.5134519591192249,0.0,0.0,0.0,41075.7372273805
34,2024-12-31,87834.10591994123,33228.4822945605,95907.07910254596,87833.08796162695,87835.09268488422,-0.2754082573090293,-0.2754082573090293,-0.2754082573090293,-0.2754082573090293,-0.2754082573090293,-0.2754082573090293,0.0,0.0,0.0,63643.86787623352
35,2025-12-31,91236.11330096645,26917.351979138635,89382.09653470403,91234.86753681509,91237.37999159691,-0.35469534357867116,-0.35469534357867116,-0.35469534357867116,-0.35469534357867116,-0.35469534357867116,-0.35469534357867116,0.0,0.0,0.0,58875.088746897585
36,2026-12-31,94638.12068199167,22740.945019450908,88119.00228296801,94636.62282040346,94639.64730265607,-0.4340753965016193,-0.4340753965016193,-0.4340753965016193,-0.4340753965016193,-0.4340753965016193,-0.4340753965016193,0.0,0.0,0.0,53558.04092278804
37,2027-12-31,98040.12806301689,18693.179811787377,79566.52440835992,98038.30642301611,98041.94206473636,-0.5134519591194462,-0.5134519591194462,-0.5134519591194462,-0.5134519591194462,-0.5134519591194462,-0.5134519591194462,0.0,0.0,0.0,47701.23223673947
38,2028-12-31,101451.45601220928,43296.38831205479,102268.2031660005,101449.3109969015,101453.59781008869,-0.2754082573089347,-0.2754082573089347,-0.2754082573089347,-0.2754082573089347,-0.2754082573089347,-0.2754082573089347,0.0,0.0,0.0,73510.88731043268
39,2029-12-31,104853.46339323452,36557.72561835225,100526.24392451845,104850.95587529552,104855.87724961563,-0.3546953435793987,-0.3546953435793987,-0.3546953435793987,-0.3546953435793987,-0.3546953435793987,-0.3546953435793987,0.0,0.0,0.0,67662.4281694813
40,2030-12-31,108255.47077425972,32081.047457069315,91479.29656709285,108252.61879331297,108258.22268287819,-0.4340753965005971,-0.4340753965005971,-0.4340753965005971,-0.4340753965005971,-0.4340753965005971,-0.4340753965005971,0.0,0.0,0.0,61264.43437456413
41,2031-12-31,111657.47815528493,22964.98700130428,84355.16335087064,111654.24483117847,111660.56525391883,-0.5134519591182637,-0.5134519591182637,-0.5134519591182637,-0.5134519591182637,-0.5134519591182637,-0.5134519591182637,0.0,0.0,0.0,54326.72724624915
42,2032-12-31,115068.80610447735,52317.39153072282,114439.42051967797,115065.23249965881,115072.2350203334,-0.27540825730822194,-0.27540825730822194,-0.27540825730822194,-0.27540825730822194,-0.27540825730822194,-0.27540825730822194,0.0,0.0,0.0,83377.90674470556
43,2033-12-31,118470.81348550257,45330.981792467326,106176.85041456608,118466.9220967005,118474.70776416018,-0.3546953435771646,-0.3546953435771646,-0.3546953435771646,-0.3546953435771646,-0.3546953435771646,-0.3546953435771646,0.0,0.0,0.0,76449.76759239605
44,2034-12-31,121872.82086652776,37961.50144921985,100960.29171537446,121868.52700800642,121877.08899943662,-0.43407539650085675,-0.43407539650085675,-0.43407539650085675,-0.43407539650085675,-0.43407539650085675,-0.43407539650085675,0.0,0.0,0.0,68970.82782621183
