,ds,trend,yhat_lower,yhat_upper,trend_lower,trend_upper,multiplicative_terms,multiplicative_terms_lower,multiplicative_terms_upper,yearly,yearly_lower,yearly_upper,additive_terms,additive_terms_lower,additive_terms_upper,yhat
0,1990-12-31,0.0,-1.9724403696888933e-09,1.995290156020646e-09,0.0,0.0,0.0,0.0,0.0,0.0,0.0,0.0,0.0,0.0,0.0,0.0
1,1991-12-31,0.0,-1.992317313587427e-09,1.9226656688154624e-09,0.0,0.0,0.0,0.0,0.0,0.0,0.0,0.0,0.0,0.0,0.0,0.0
2,1992-12-30,0.0,-1.924707528512798e-09,2.0919333290075106e-09,0.0,0.0,0.0,0.0,0.0,0.0,0.0,0.0,0.0,0.0,0.0,0.0
3,1993-12-31,0.0,-1.9005714006024156e-09,1.840953687412705e-09,0.0,0.0,0.0,0.0,0.0,0.0,0.0,0.0,0.0,0.0,0.0,0.0
4,1994-12-31,0.0,-1.9632274158626445e-09,1.7841252311388608e-09,0.0,0.0,0.0,0.0,0.0,0.0,0.0,0.0,0.0,0.0,0.0,0.0
5,1995-12-31,0.0,-2.048664112700466e-09,1.8822029255432824e-09,0.0,0.0,0.0,0.0,0.0,0.0,0.0,0.0,0.0,0.0,0.0,0.0
6,1996-12-30,0.0,-2.0185655123654326e-09,1.9538126119186323e-09,0.0,0.0,0.0,0.0,0.0,0.0,0.0,0.0,0.0,0.0,0.0,0.0
7,1997-12-31,0.0,-1.8435106508918144e-09,2.0635021756879723e-09,0.0,0.0,0.0,0.0,0.0,0.0,0.0,0.0,0.0,0.0,0.0,0.0
8,1998-12-31,0.0,-1.976423506902823e-09,1.9134989295026987e-09,0.0,0.0,0.0,0.0,0.0,0.0,0.0,0.0,0.0,0.0,0.0,0.0
9,1999-12-31,0.0,-1.9050601545806757e-09,2.0112613041614315e-09,0.0,0.0,0.0,0.0,0.0,0.0,0.0,0.0,0.0,0.0,0.0,0.0
10,2000-12-30,0.0,-1.9645215218390834e-09,1.9195595682985497e-09,0.0,0.0,0.0,0.0,0.0,0.0,0.0,0.0,0.0,0.0,0.0,0.0
11,2001-12-31,0.0,-2.0283228635927025e-09,1.8986480009071194e-09,0.0,0.0,0.0,0.0,0.0,0.0,0.0,0.0,0.0,0.0,0.0,0.0
12,2002-12-31,0.0,-1.955336031784418e-09,2.0558210203664613e-09,0.0,0.0,0.0,0.0,0.0,0.0,0.0,0.0,0.0,0.0,0.0,0.0
13,2003-12-31,0.0,-1.9544415181231324e-09,1.888936532191108e-09,0.0,0.0,0.0,0.0,0.0,0.0,0.0,0.0,0.0,0.0,0.0,0.0
14,2004-12-30,0.0,-2.004176812577994e-09,1.9292372846791197e-09,0.0,0.0,0.0,0.0,0.0,0.0,0.0,0.0,0.0,0.0,0.0,0.0
15,2005-12-31,0.0,-2.03284887846661e-09,1.9845996619691805e-09,0.0,0.0,0.0,0.0,0.0,0.0,0.0,0.0,0.0,0.0,0.0,0.0
16,2006-12-31,0.0,-1.894531741045665e-09,1.9585324598448342e-09,0.0,0.0,0.0,0.0,0.0,0.0,0.0,0.0,0.0,0.0,0.0,0.0
17,2007-12-31,0.0,-1.950655222779198e-09,2.014712578375239e-09,0.0,0.0,0.0,0.0,0.0,0.0,0.0,0.0,0.0,0.0,0.0,0.0
18,2008-12-30,0.0,-2.0738784264532895e-09,1.7888812309584536e-09,0.0,0.0,0.0,0.0,0.0,0.0,0.0,0.0,0.0,0.0,0.0,0.0
19,2009-12-31,0.0,-1.925266225461364e-09,1.907803614805544e-09,0.0,0.0,0.0,0.0,0.0,0.0,0.0,0.0,0.0,0.0,0.0,0.0
20,2010-12-31,0.0,-2.0032596339148305e-09,1.849684165653834e-09,0.0,0.0,0.0,0.0,0.0,0.0,0.0,0.0,0.0,0.0,0.0,0.0
21,2011-12-31,0.0,-1.923875524061739e-09,1.867041858529667e-09,0.0,0.0,0.0,0.0,0.0,0.0,0.0,0.0,0.0,0.0,0.0,0.0
22,2012-12-30,0.0,-1.947341224250038e-09,1.9448746597605765e-09,0.0,0.0,0.0,0.0,0.0,0.0,0.0,0.0,0.0,0.0,0.0,0.0
23,2013-12-31,0.0,-1.8878542248049144e-09,1.9276689488025377e-09,0.0,0.0,0.0,0.0,0.0,0.0,0.0,0.0,0.0,0.0,0.0,0.0
24,2014-12-31,0.0,-1.9780137789871403e-09,1.8860559459714476e-09,0.0,0.0,0.0,0.0,0.0,0.0,0.0,0.0,0.0,0.0,0.0,0.0
25,2015-12-31,0.0,-1.8932194261013906e-09,1.9130289359496652e-09,0.0,0.0,0.0,0.0,0.0,0.0,0.0,0.0,0.0,0.0,0.0,0.0
26,2016-12-30,0.0,-1.9061784610822557e-09,1.8606587092682571e-09,0.0,0.0,0.0,0.0,0.0,0.0,0.0,0.0,0.0,0.0,0.0,0.0
27,2017-12-31,0.0,-1.9380803112304303e-09,1.9845950912625624e-09,0.0,0.0,0.0,0.0,0.0,0.0,0.0,0.0,0.0,0.0,0.0,0.0
28,2018-12-31,0.0,-1.8254264941909652e-09,1.8660042673758243e-09,0.0,0.0,0.0,0.0,0.0,0.0,0.0,0.0,0.0,0.0,0.0,0.0
29,2019-12-31,0.0,-1.978585030723499e-09,1.9532860314895268e-09,-5.718340411114933e-10,5.716669770522013e-10,0.0,0.0,0.0,0.0,0.0,0.0,0.0,0.0,0.0,0.0
30,2020-12-31,0.0,-2.5811532169994182e-09,2.394183523398831e-09,-1.678385972555656e-09,1.5541274734554322e-09,0.0,0.0,0.0,0.0,0.0,0.0,0.0,0.0,0.0,0.0
31,2021-12-31,0.0,-3.3416629488090063e-09,3.2687181532088752e-09,-2.895491662304055e-09,2.813270969863918e-09,0.0,0.0,0.0,0.0,0.0,0.0,0.0,0.0,0.0,0.0
32,2022-12-31,0.0,-4.6174544983751e-09,4.554395735633984e-09,-4.314812351093471e-09,4.244679763995187e-09,0.0,0.0,0.0,0.0,0.0,0.0,0.0,0.0,0.0,0.0
33,2023-12-31,0.0,-6.695064554905935e-09,5.8898528707075505e-09,-6.060580374353105e-09,5.774254174614197e-09,0.0,0.0,0.0,0.0,0.0,0.0,0.0,0.0,0.0,0.0
34,2024-12-31,0.0,-7.764647724550145e-09,7.433695844134283e-09,-7.61059539183415e-09,7.532472062816551e-09,0.0,0.0,0.0,0.0,0.0,0.0,0.0,0.0,0.0,0.0
35,2025-12-31,0.0,-9.674895403477267e-09,9.583720510955855e-09,-9.475971159379427e-09,9.14596366846283e-09,0.0,0.0,0.0,0.0,0.0,0.0,0.0,0.0,0.0,0.0
36,2026-12-31,0.0,-1.2171671180308333e-08,1.1154943966276928e-08,-1.1821374971525926e-08,1.1125893082028574e-08,0.0,0.0,0.0,0.0,0.0,0.0,0.0,0.0,0.0,0.0
37,2027-12-31,0.0,-1.4842894202035037e-08,1.304577160780834e-08,-1.4135941943014187e-08,1.2753584792608228e-08,0.0,0.0,0.0,0.0,0.0,0.0,0.0,0.0,0.0,0.0
38,2028-12-31,0.0,-1.678953104637501e-08,1.525554546960854e-08,-1.6394756273890496e-08,1.4900770531735335e-08,0.0,0.0,0.0,0.0,0.0,0.0,0.0,0.0,0.0,0.0
39,2029-12-31,0.0,-1.8883529521377192e-08,1.7847399011168552e-08,-1.9332735836672398e-08,1.7124831562832742e-08,0.0,0.0,0.0,0.0,0.0,0.0,0.0,0.0,0.0,0.0
40,2030-12-31,0.0,-2.2247380158276725e-08,1.8910730786918923e-08,-2.2882325296812005e-08,1.930160014477839e-08,0.0,0.0,0.0,0.0,0.0,0.0,0.0,0.0,0.0,0.0
41,2031-12-31,0.0,-2.5630650301164606e-08,2.19211531943263e-08,-2.6149988312192603e-08,2.1171740981620354e-08,0.0,0.0,0.0,0.0,0.0,0.0,0.0,0.0,0.0,0.0
42,2032-12-31,0.0,-2.9535575720950836e-08,2.3637026045203948e-08,-2.9723225064582612e-08,2.365617312761573e-08,0.0,0.0,0.0,0.0,0.0,0.0,0.0,0.0,0.0,0.0
43,2033-12-31,0.0,-3.190618139971403e-08,2.6886490639832145e-08,-3.203258406821334e-08,2.6514531432710575e-08,0.0,0.0,0.0,0.0,0.0,0.0,0.0,0.0,0.0,0.0
44,2034-12-31,0.0,-3.5276443964981554e-08,2.8585942579720758e-08,-3.513067402432498e-08,2.912452629922774e-08,0.0,0.0,0.0,0.0,0.0,0.0,0.0,0.0,0.0,0.0
