,ds,trend,yhat_lower,yhat_upper,trend_lower,trend_upper,multiplicative_terms,multiplicative_terms_lower,multiplicative_terms_upper,yearly,yearly_lower,yearly_upper,additive_terms,additive_terms_lower,additive_terms_upper,yhat
0,1990-12-31,14371940.075338895,10373662.560604507,28189315.968425352,14371940.075338895,14371940.075338895,0.3290444514409397,0.3290444514409397,0.3290444514409397,0.3290444514409397,0.3290444514409397,0.3290444514409397,0.0,0.0,0.0,19100947.213570837
1,1991-12-31,13795113.74341377,9489274.006398853,27191956.14525486,13795113.74341377,13795113.74341377,0.3354653917707794,0.3354653917707794,0.3354653917707794,0.3354653917707794,0.3354653917707794,0.3354653917707794,0.0,0.0,0.0,18422896.979870535
2,1992-12-30,13218287.411538316,8653686.12636448,26719068.57709878,13218287.411538316,13218287.411538316,0.34184369415817517,0.34184369415817517,0.34184369415817517,0.34184369415817517,0.34184369415817517,0.34184369415817517,0.0,0.0,0.0,17736875.61074308
3,1993-12-31,12639880.733573794,7353238.669937986,25147549.225245282,12639880.733573794,12639880.733573794,0.3225886853254637,0.3225886853254637,0.3225886853254637,0.3225886853254637,0.3225886853254637,0.3225886853254637,0.0,0.0,0.0,16717363.242088022
4,1994-12-31,12063054.401730506,7246169.068644631,25106791.579154663,12063054.401730506,12063054.401730506,0.32904445144095146,0.32904445144095146,0.32904445144095146,0.32904445144095146,0.32904445144095146,0.32904445144095146,0.0,0.0,0.0,16032335.520050274
5,1995-12-31,11486228.069897814,6645582.177930451,24526686.028686095,11486228.069897814,11486228.069897814,0.33546539177077717,0.33546539177077717,0.33546539177077717,0.33546539177077717,0.33546539177077717,0.33546539177077717,0.0,0.0,0.0,15339460.069334583
6,1996-12-30,10909401.737839,5728632.554626567,24106310.40886523,10909401.737839,10909401.737839,0.34184369415816207,0.34184369415816207,0.34184369415816207,0.34184369415816207,0.34184369415816207,0.34184369415816207,0.0,0.0,0.0,14638711.928957356
7,1997-12-31,10330995.059782095,4618778.162359514,22446846.724925708,10330995.059782095,10330995.059782095,0.3225886853254741,0.3225886853254741,0.3225886853254741,0.3225886853254741,0.3225886853254741,0.3225886853254741,0.0,0.0,0.0,13663657.174221167
8,1998-12-31,9754168.728090908,3573484.6563052465,21332875.247564908,9754168.728090908,9754168.728090908,0.3290444514409524,0.3290444514409524,0.3290444514409524,0.3290444514409524,0.3290444514409524,0.3290444514409524,0.0,0.0,0.0,12963723.826488072
9,1999-12-31,9177342.396588165,2867777.290942519,20899528.874158822,9177342.396588165,9177342.396588165,0.3354653917708015,0.3354653917708015,0.3354653917708015,0.3354653917708015,0.3354653917708015,0.3354653917708015,0.0,0.0,0.0,12256023.1590744
10,2000-12-30,8600516.06483275,3311566.1190127637,20548956.72315024,8600516.06483275,8600516.06483275,0.34184369415813765,0.34184369415813765,0.34184369415813765,0.34184369415813765,0.34184369415813765,0.34184369415813765,0.0,0.0,0.0,11540548.248101586
11,2001-12-31,8022109.387128344,1302490.9003046541,19808516.076914974,8022109.387128344,8022109.387128344,0.3225886853254228,0.3225886853254228,0.3225886853254228,0.3225886853254228,0.3225886853254228,0.3225886853254228,0.0,0.0,0.0,10609951.107858809
12,2002-12-31,7445283.0555252815,659338.789463647,19162101.071091034,7445283.0555252815,7445283.0555252815,0.3290444514408834,0.3290444514408834,0.3290444514408834,0.3290444514408834,0.3290444514408834,0.3290444514408834,0.0,0.0,0.0,9895112.134352703
13,2003-12-31,6868456.723824669,159575.75824703267,18310924.038611796,6868456.723824669,6868456.723824669,0.33546539177073326,0.33546539177073326,0.33546539177073326,0.33546539177073326,0.33546539177073326,0.33546539177073326,0.0,0.0,0.0,9172586.249542838
14,2004-12-30,6291630.39212403,-133504.8811361141,16947591.49395499,6291630.39212403,6291630.39212403,0.34184369415818716,0.34184369415818716,0.34184369415818716,0.34184369415818716,0.34184369415818716,0.34184369415818716,0.0,0.0,0.0,8442384.567645632
15,2005-12-31,5713223.714130972,-1024195.8752802666,16748685.013421722,5713223.714130972,5713223.714130972,0.3225886853254648,0.3225886853254648,0.3225886853254648,0.3225886853254648,0.3225886853254648,0.3225886853254648,0.0,0.0,0.0,7556245.041042752
16,2006-12-31,5136614.731238301,-2270370.9183943467,15095330.844426598,5136614.731238301,5136614.731238301,0.3290444514409758,0.3290444514409758,0.3290444514409758,0.3290444514409758,0.3290444514409758,0.3290444514409758,0.0,0.0,0.0,6826789.307742243
17,2007-12-31,4560005.748149822,-2543196.9049076117,14932319.914967282,4560005.748149822,4560005.748149822,0.33546539177077817,0.33546539177077817,0.33546539177077817,0.33546539177077817,0.33546539177077817,0.33546539177077817,0.0,0.0,0.0,6089729.862929902
18,2008-12-30,3983396.765282659,-3620086.5030608578,14357744.998059068,3983396.765282659,3983396.765282659,0.34184369415818294,0.34184369415818294,0.34184369415818294,0.34184369415818294,0.34184369415818294,0.34184369415818294,0.0,0.0,0.0,5345095.830824639
19,2009-12-31,3405213.939343452,-4745625.859929517,13383878.407716813,3405213.939343452,3405213.939343452,0.3225886853254659,0.3225886853254659,0.3225886853254659,0.3225886853254659,0.3225886853254659,0.3225886853254659,0.0,0.0,0.0,4503697.427288206
20,2010-12-31,2828610.848113008,-4974564.502393724,12650661.036079593,2828610.848113008,2828610.848113008,0.329044451440969,0.329044451440969,0.329044451440969,0.329044451440969,0.329044451440969,0.329044451440969,0.0,0.0,0.0,3759349.5529703265
21,2011-12-31,2252007.7567986995,-5442292.21700208,11646791.31425393,2252007.7567986995,2252007.7567986995,0.33546539177076484,0.33546539177076484,0.33546539177076484,0.33546539177076484,0.33546539177076484,0.33546539177076484,0.0,0.0,0.0,3007478.4212039765
22,2012-12-30,1675404.6653687707,-6762787.962086774,10802632.026067015,1675404.6653687707,1675404.6653687707,0.3418436941581829,0.3418436941581829,0.3418436941581829,0.3418436941581829,0.3418436941581829,0.3418436941581829,0.0,0.0,0.0,2248131.185388285
23,2013-12-31,1097221.8397085147,-7055867.642306982,10455591.120187966,1097221.8397085147,1097221.8397085147,0.3225886853254774,0.3225886853254774,0.3225886853254774,0.3225886853254774,0.3225886853254774,0.3225886853254774,0.0,0.0,0.0,1451173.190490486
24,2014-12-31,520618.7485445989,-8060525.688188813,9198044.200228302,520618.7485445989,520618.7485445989,0.3290444514409371,0.3290444514409371,0.3290444514409371,0.3290444514409371,0.3290444514409371,0.3290444514409371,0.0,0.0,0.0,691925.4590693236
25,2015-12-31,-55984.34261931698,-9104717.60070823,8522384.27171882,-55984.34261931698,-55984.34261931698,0.33546539177081747,0.33546539177081747,0.33546539177081747,0.33546539177081747,0.33546539177081747,0.33546539177081747,0.0,0.0,0.0,-74765.15204913782
26,2016-12-30,-632587.4337832328,-9459174.692170868,8219165.96376241,-632587.4337832328,-632587.4337832328,0.34184369415819676,0.34184369415819676,0.34184369415819676,0.34184369415819676,0.34184369415819676,0.34184369415819676,0.0,0.0,0.0,-848833.4590257468
27,2017-12-31,-1210770.259443491,-10820804.013977034,7495171.60383742,-1210770.259443491,-1210770.259443491,0.3225886853254739,0.3225886853254739,0.3225886853254739,0.3225886853254739,0.3225886853254739,0.3225886853254739,0.0,0.0,0.0,-1601351.0456685496
28,2018-12-31,-1787373.3506074068,-11306481.431404606,6134957.381922818,-1787373.3506074068,-1787373.3506074068,0.3290444514409392,0.3290444514409392,0.3290444514409392,0.3290444514409392,0.3290444514409392,0.3290444514409392,0.0,0.0,0.0,-2375498.6342781745
29,2019-12-31,-2363976.441771323,-12106918.49589579,5907848.680195572,-2363993.3177526575,-2363959.7245386383,0.335465391770779,0.335465391770779,0.335465391770779,0.335465391770779,0.335465391770779,0.335465391770779,0.0,0.0,0.0,-3157008.724947032
30,2020-12-31,-2942159.267431581,-12532090.50918116,5583946.712795978,-2942204.6875126464,-2942114.467036755,0.31610583866239644,0.31610583866239644,0.31610583866239644,0.31610583866239644,0.31610583866239644,0.31610583866239644,0.0,0.0,0.0,-3872192.990141383
31,2021-12-31,-3518762.358595497,-13799270.02105572,3940588.5562288556,-3518851.593201169,-3518682.6188361016,0.32258868532550106,0.32258868532550106,0.32258868532550106,0.32258868532550106,0.32258868532550106,0.32258868532550106,0.0,0.0,0.0,-4653875.281827678
32,2022-12-31,-4095365.44975941,-14142889.438049953,3388553.125766107,-4095498.1828445657,-4095240.583556981,0.3290444514409385,0.3290444514409385,0.3290444514409385,0.3290444514409385,0.3290444514409385,0.3290444514409385,0.0,0.0,0.0,-5442922.727625668
33,2023-12-31,-4671968.540923331,-15148056.726132521,3112661.7002357286,-4672149.292723802,-4671793.954417416,0.3354653917707948,0.3354653917707948,0.3354653917707948,0.3354653917707948,0.3354653917707948,0.3354653917707948,0.0,0.0,0.0,-6239252.297845005
34,2024-12-31,-5250151.366583587,-16446153.294560352,2633704.8915329524,-5250395.0508371275,-5249926.667929691,0.3161058386623654,0.3161058386623654,0.3161058386623654,0.3161058386623654,0.3161058386623654,0.3161058386623654,0.0,0.0,0.0,-6909754.867421855
35,2025-12-31,-5826754.4577475,-16381875.36640972,1476152.4151949543,-5827052.987772506,-5826470.105750477,0.32258868532547613,0.32258868532547613,0.32258868532547613,0.32258868532547613,0.32258868532547613,0.32258868532547613,0.0,0.0,0.0,-7706399.517986624
36,2026-12-31,-6403357.548911419,-17789017.90502542,23624.93182645057,-6403742.136088563,-6403005.204672584,0.3290444514409413,0.3290444514409413,0.3290444514409413,0.3290444514409413,0.3290444514409413,0.3290444514409413,0.0,0.0,0.0,-8510346.820973186
37,2027-12-31,-6979960.640075336,-18699615.35628422,-422705.75922174373,-6980427.256410684,-6979545.847032265,0.33546539177081275,0.33546539177081275,0.33546539177081275,0.33546539177081275,0.33546539177081275,0.33546539177081275,0.0,0.0,0.0,-9321495.870743062
38,2028-12-31,-7558143.46573559,-19567893.55747157,-714623.2120030044,-7558677.317196893,-7557672.896241241,0.3161058386623562,0.3161058386623562,0.3161058386623562,0.3161058386623562,0.3161058386623562,0.3161058386623562,0.0,0.0,0.0,-9947316.744702347
39,2029-12-31,-8134746.556899508,-20095373.0153173,-1689227.5990002486,-8135359.446903901,-8134192.068684829,0.32258868532553536,0.32258868532553536,0.32258868532553536,0.32258868532553536,0.32258868532553536,0.32258868532553536,0.0,0.0,0.0,-10758923.754146146
40,2030-12-31,-8711349.648063421,-20568027.938588645,-2533552.538775275,-8712028.066526027,-8710710.020666292,0.329044451440858,0.329044451440858,0.329044451440858,0.329044451440858,0.329044451440858,0.329044451440858,0.0,0.0,0.0,-11577770.91431996
41,2031-12-31,-9287952.73922734,-21336444.97196284,-3565924.486421147,-9288708.11568692,-9287228.961207135,0.33546539177071705,0.33546539177071705,0.33546539177071705,0.33546539177071705,0.33546539177071705,0.33546539177071705,0.0,0.0,0.0,-12403739.443640145
42,2032-12-31,-9866135.564887598,-21690405.22736009,-3641530.368845913,-9866969.257693714,-9865339.973820036,0.31610583866229747,0.31610583866229747,0.31610583866229747,0.31610583866229747,0.31610583866229747,0.31610583866229747,0.0,0.0,0.0,-12984878.621982312
43,2033-12-31,-10442738.656051511,-23394564.35528793,-4959207.7268163925,-10443653.492086649,-10441875.26106204,0.32258868532535273,0.32258868532535273,0.32258868532535273,0.32258868532535273,0.32258868532535273,0.32258868532535273,0.0,0.0,0.0,-13811447.990303408
44,2034-12-31,-11019341.74721543,-23519075.76759508,-5926979.514670429,-11020333.758765092,-11018383.240692602,0.32904445144087924,0.32904445144087924,0.32904445144087924,0.32904445144087924,0.32904445144087924,0.32904445144087924,0.0,0.0,0.0,-14645195.00766751
