,ds,trend,yhat_lower,yhat_upper,trend_lower,trend_upper,multiplicative_terms,multiplicative_terms_lower,multiplicative_terms_upper,yearly,yearly_lower,yearly_upper,additive_terms,additive_terms_lower,additive_terms_upper,yhat
0,1990-12-31,-45546.8143419446,-100697.26903427432,26867.99004122853,-45546.8143419446,-45546.8143419446,-0.18242800950363633,-0.18242800950363633,-0.18242800950363633,-0.18242800950363633,-0.18242800950363633,-0.18242800950363633,0.0,0.0,0.0,-37237.79966231197
1,1991-12-31,-35615.47335771717,-91195.90562297788,35947.36939565389,-35615.47335771717,-35615.47335771717,-0.17976322440448897,-0.17976322440448897,-0.17976322440448897,-0.17976322440448897,-0.17976322440448897,-0.17976322440448897,0.0,0.0,0.0,-29213.12102824176
2,1992-12-30,-25684.1323736296,-85864.6742524116,43112.829178409265,-25684.1323736296,-25684.1323736296,-0.17698692962452733,-0.17698692962452733,-0.17698692962452733,-0.17698692962452733,-0.17698692962452733,-0.17698692962452733,0.0,0.0,0.0,-21138.376644750973
3,1993-12-31,-15725.58223686634,-75142.5734254448,51845.417346072696,-15725.58223686634,-15725.58223686634,-0.18497800673465317,-0.18497800673465317,-0.18497800673465317,-0.18497800673465317,-0.18497800673465317,-0.18497800673465317,0.0,0.0,0.0,-12816.695379948937
4,1994-12-31,-5794.241253333061,-68354.35292578893,65717.71227942516,-5794.241253333061,-5794.241253333061,-0.18242800950363142,-0.18242800950363142,-0.18242800950363142,-0.18242800950363142,-0.18242800950363142,-0.18242800950363142,0.0,0.0,0.0,-4737.209354903684
5,1995-12-31,4137.099730222761,-56401.059051091754,69252.26482153342,4137.099730222761,4137.099730222761,-0.17976322440448989,-0.17976322440448989,-0.17976322440448989,-0.17976322440448989,-0.17976322440448989,-0.17976322440448989,0.0,0.0,0.0,3393.401343034972
6,1996-12-30,14068.440713217835,-51387.938315178966,80653.0855648389,14068.440713217835,14068.440713217835,-0.17698692962453316,-0.17698692962453316,-0.17698692962453316,-0.17698692962453316,-0.17698692962453316,-0.17698692962453316,0.0,0.0,0.0,11578.510586780632
7,1997-12-31,24026.990850541704,-43181.24159485979,81680.52576803538,24026.990850541704,24026.990850541704,-0.1849780067346492,-0.1849780067346492,-0.1849780067346492,-0.1849780067346492,-0.1849780067346492,-0.1849780067346492,0.0,0.0,0.0,19582.525975176846
8,1998-12-31,33958.33183502225,-36726.037005516526,95070.2608287339,33958.33183502225,33958.33183502225,-0.182428009503631,-0.182428009503631,-0.182428009503631,-0.182428009503631,-0.182428009503631,-0.182428009503631,0.0,0.0,0.0,27763.380952295352
9,1999-12-31,43889.67281997368,-25621.55888286009,100730.27540110967,43889.67281997368,43889.67281997368,-0.17976322440447956,-0.17976322440447956,-0.17976322440447956,-0.17976322440447956,-0.17976322440447956,-0.17976322440447956,0.0,0.0,0.0,35999.923715797566
10,2000-12-30,53821.0138046543,-23514.08322953776,109542.64144451855,53821.0138046543,53821.0138046543,-0.17698692962454404,-0.17698692962454404,-0.17698692962454404,-0.17698692962454404,-0.17698692962454404,-0.17698692962454404,0.0,0.0,0.0,44295.39782208834
11,2001-12-31,63779.563943506124,-14865.780478343762,117879.75274422695,63779.563943506124,63779.563943506124,-0.1849780067346691,-0.1849780067346691,-0.1849780067346691,-0.1849780067346691,-0.1849780067346691,-0.1849780067346691,0.0,0.0,0.0,51981.74733482999
12,2002-12-31,73710.90492855448,-6613.272985990061,127149.02529302637,73710.90492855446,73710.90492855446,-0.18242800950365895,-0.18242800950365895,-0.18242800950365895,-0.18242800950365895,-0.18242800950365895,-0.18242800950365895,0.0,0.0,0.0,60263.97126372483
13,2003-12-31,83642.24591453528,4600.912711449452,128993.76720755165,83642.24591453528,83642.24591453528,-0.17976322440450862,-0.17976322440450862,-0.17976322440450862,-0.17976322440450862,-0.17976322440450862,-0.17976322440450862,0.0,0.0,0.0,68606.44609250358
14,2004-12-30,93573.58690150816,13140.621059670972,145946.02758095294,93573.58690150816,93573.58690150816,-0.176986929624522,-0.176986929624522,-0.176986929624522,-0.176986929624522,-0.176986929624522,-0.176986929624522,0.0,0.0,0.0,77012.28506185683
15,2005-12-31,103532.1370423239,17938.567477686956,151682.46618043087,103532.1370423239,103532.1370423239,-0.18497800673465292,-0.18497800673465292,-0.18497800673465292,-0.18497800673465292,-0.18497800673465292,-0.18497800673465292,0.0,0.0,0.0,84380.9686992559
16,2006-12-31,113463.48066380921,28093.893264475322,154383.24826558467,113463.48066380921,113463.48066380921,-0.18242800950362117,-0.18242800950362117,-0.18242800950362117,-0.18242800950362117,-0.18242800950362117,-0.18242800950362117,0.0,0.0,0.0,92764.56373495789
17,2007-12-31,123394.82428717404,37127.38873481832,170463.69607013842,123394.82428717404,123394.82428717404,-0.17976322440448947,-0.17976322440448947,-0.17976322440448947,-0.17976322440448947,-0.17976322440448947,-0.17976322440448947,0.0,0.0,0.0,101212.97279848623
18,2008-12-30,133326.1679111388,46139.35273997157,174458.59004133436,133326.1679111388,133326.1679111388,-0.17698692962452386,-0.17698692962452386,-0.17698692962452386,-0.17698692962452386,-0.17698692962452386,-0.17698692962452386,0.0,0.0,0.0,109729.17881394262
19,2009-12-31,143284.7206963546,49664.47359111241,177165.6069158322,143284.7206963546,143284.7206963546,-0.18497800673465253,-0.18497800673465253,-0.18497800673465253,-0.18497800673465253,-0.18497800673465253,-0.18497800673465253,0.0,0.0,0.0,116780.19866641152
20,2010-12-31,153216.06432138785,61210.264515284965,186928.90324600076,153216.06432138785,153216.06432138785,-0.1824280095036241,-0.1824280095036241,-0.1824280095036241,-0.1824280095036241,-0.1824280095036241,-0.1824280095036241,0.0,0.0,0.0,125265.16268325782
21,2011-12-31,163147.4079466967,66398.77012255468,203103.60169520343,163147.4079466967,163147.4079466967,-0.1797632244044952,-0.1797632244044952,-0.1797632244044952,-0.1797632244044952,-0.1797632244044952,-0.1797632244044952,0.0,0.0,0.0,133819.50384096295
22,2012-12-30,173078.75157250627,79364.88056765862,208703.41264368992,173078.75157250627,173078.75157250627,-0.176986929624524,-0.176986929624524,-0.176986929624524,-0.176986929624524,-0.176986929624524,-0.176986929624524,0.0,0.0,0.0,142446.07474844262
23,2013-12-31,183037.30435857674,85290.66773264435,216806.54928067746,183037.30435857674,183037.30435857674,-0.18497800673464776,-0.18497800673464776,-0.18497800673464776,-0.18497800673464776,-0.18497800673464776,-0.18497800673464776,0.0,0.0,0.0,149179.42864024415
24,2014-12-31,192968.64798402952,93207.75047315261,223430.58085688195,192968.64798402952,192968.64798402952,-0.18242800950363736,-0.18242800950363736,-0.18242800950363736,-0.18242800950363736,-0.18242800950363736,-0.18242800950363736,0.0,0.0,0.0,157765.76163569494
25,2015-12-31,202899.99160948236,98070.17010096955,230092.20398850873,202899.99160948236,202899.99160948236,-0.1797632244044728,-0.1797632244044728,-0.1797632244044728,-0.1797632244044728,-0.1797632244044728,-0.1797632244044728,0.0,0.0,0.0,166426.03488612134
26,2016-12-30,212831.33523493513,105638.05171094705,242537.63389096782,212831.3352349351,212831.3352349351,-0.17698692962451756,-0.17698692962451756,-0.17698692962451756,-0.17698692962451756,-0.17698692962451756,-0.17698692962451756,0.0,0.0,0.0,175162.97068381758
27,2017-12-31,222789.88802100567,114346.44843253568,248110.04828432202,222789.88802100567,222789.88802100567,-0.1849780067346493,-0.1849780067346493,-0.1849780067346493,-0.1849780067346493,-0.1849780067346493,-0.1849780067346493,0.0,0.0,0.0,181578.6586142443
28,2018-12-31,232721.23164645844,123979.4991923245,254953.88363696382,232721.23164645844,232721.23164645844,-0.18242800950363658,-0.18242800950363658,-0.18242800950363658,-0.18242800950363658,-0.18242800950363658,-0.18242800950363658,0.0,0.0,0.0,190266.3605879603
29,2019-12-31,242652.57527191122,133023.1691610083,262052.9986576198,242652.5749694543,242652.5755593641,-0.17976322440448914,-0.17976322440448914,-0.17976322440448914,-0.17976322440448914,-0.17976322440448914,-0.17976322440448914,0.0,0.0,0.0,199032.56593097947
30,2020-12-31,252611.12805798175,142815.95960144428,266228.2962400911,252611.12712525929,252611.12888469145,-0.18741006931986753,-0.18741006931986753,-0.18741006931986753,-0.18741006931986753,-0.18741006931986753,-0.18741006931986753,0.0,0.0,0.0,205269.25903766547
31,2021-12-31,262542.4716834345,149662.59556854935,278913.92250566353,262542.46997057064,262542.4732371647,-0.1849780067346382,-0.1849780067346382,-0.1849780067346382,-0.1849780067346382,-0.1849780067346382,-0.1849780067346382,0.0,0.0,0.0,213977.8885882476
32,2022-12-31,272473.8153088873,161967.89873142235,285100.74100189726,272473.8127975754,272473.8176923301,-0.18242800950363655,-0.18242800950363655,-0.18242800950363655,-0.18242800950363655,-0.18242800950363655,-0.18242800950363655,0.0,0.0,0.0,222766.95954022548
33,2023-12-31,282405.1589343401,169203.72964137697,295194.06037712,282405.15546303114,282405.16216859396,-0.1797632244044824,-0.1797632244044824,-0.1797632244044824,-0.1797632244044824,-0.1797632244044824,-0.1797632244044824,0.0,0.0,0.0,231639.0969758428
34,2024-12-31,292363.7117204106,174030.21020989073,304818.45050228515,292363.70709341764,292363.71598551056,-0.18741006931987944,-0.18741006931987944,-0.18741006931987944,-0.18741006931987944,-0.18741006931987944,-0.18741006931987944,0.0,0.0,0.0,237571.8082402712
35,2025-12-31,302295.0553458634,183071.53993974437,307948.8293786208,302295.04949070036,302295.0607718967,-0.18497800673464854,-0.18497800673464854,-0.18497800673464854,-0.18497800673464854,-0.18497800673464854,-0.18497800673464854,0.0,0.0,0.0,246377.11856224533
36,2026-12-31,312226.39897131623,191551.48119036652,326898.15351308003,312226.39164967055,312226.40559358196,-0.1824280095036358,-0.1824280095036358,-0.1824280095036358,-0.1824280095036358,-0.1824280095036358,-0.1824280095036358,0.0,0.0,0.0,255267.55849249096
37,2027-12-31,322157.742596769,199880.806942024,325557.4827646704,322157.7338179667,322157.7502636668,-0.17976322440447476,-0.17976322440447476,-0.17976322440447476,-0.17976322440447476,-0.17976322440447476,-0.17976322440447476,0.0,0.0,0.0,264245.628020707
38,2028-12-31,332116.29538283945,208021.41629739152,336967.35839188553,332116.2853495495,332116.30448230746,-0.18741006931988188,-0.18741006931988188,-0.18741006931988188,-0.18741006931988188,-0.18741006931988188,-0.18741006931988188,0.0,0.0,0.0,269874.3574428791
39,2029-12-31,342047.6390082923,213041.4963777875,344829.9339335843,342047.62740280305,342047.6494238043,-0.18497800673462564,-0.18497800673462564,-0.18497800673462564,-0.18497800673462564,-0.18497800673462564,-0.18497800673462564,0.0,0.0,0.0,278776.3485362536
40,2030-12-31,351978.98263374506,225837.19542835362,353366.955014903,351978.96932620235,351978.994155053,-0.18242800950366903,-0.18242800950366903,-0.18242800950366903,-0.18242800950366903,-0.18242800950366903,-0.18242800950366903,0.0,0.0,0.0,287768.1574447445
41,2031-12-31,361910.32625919784,235504.66200494286,360787.06390740164,361910.31138851447,361910.3392200255,-0.17976322440451548,-0.17976322440451548,-0.17976322440451548,-0.17976322440451548,-0.17976322440451548,-0.17976322440451548,0.0,0.0,0.0,296852.1590655542
42,2032-12-31,371868.87904526835,236858.07278921615,365734.3725237312,371868.8623626125,371868.8938368075,-0.18741006931990312,-0.18741006931990312,-0.18741006931990312,-0.18741006931990312,-0.18741006931990312,-0.18741006931990312,0.0,0.0,0.0,302176.90664547996
43,2033-12-31,381800.2226707211,246262.4325168142,377399.1908441027,381800.20405627956,381800.23926663486,-0.1849780067346956,-0.1849780067346956,-0.1849780067346956,-0.1849780067346956,-0.1849780067346956,-0.1849780067346956,0.0,0.0,0.0,311175.5785102282
44,2034-12-31,391731.5662961739,249098.76219845892,383245.4648634977,391731.54611690174,391731.584492063,-0.1824280095036607,-0.1824280095036607,-0.1824280095036607,-0.1824280095036607,-0.1824280095036607,-0.1824280095036607,0.0,0.0,0.0,320268.75639701163
