,ds,trend,yhat_lower,yhat_upper,trend_lower,trend_upper,multiplicative_terms,multiplicative_terms_lower,multiplicative_terms_upper,yearly,yearly_lower,yearly_upper,additive_terms,additive_terms_lower,additive_terms_upper,yhat
0,1990-12-31,558629.481305362,22820253.627035514,23025712.56543245,558629.481305362,558629.481305362,40.03468916263031,40.03468916263031,40.03468916263031,40.03468916263031,40.03468916263031,40.03468916263031,0.0,0.0,0.0,22923187.12244693
1,1991-12-31,534037.4440762933,21960391.629346043,22175947.746562432,534037.4440762933,534037.4440762933,40.309117497802234,40.309117497802234,40.309117497802234,40.309117497802234,40.309117497802234,40.309117497802234,0.0,0.0,0.0,22060615.52557359
2,1992-12-30,528557.5798279414,21855107.10923754,22061055.88445591,528557.5798279414,528557.5798279414,40.55326552977375,40.55326552977375,40.55326552977375,40.55326552977375,40.55326552977375,40.55326552977375,0.0,0.0,0.0,21963293.462365035
3,1993-12-31,601050.7261610929,24363184.841376506,24582556.99908308,601050.7261610929,601050.7261610929,39.730314435209266,39.730314435209266,39.730314435209266,39.730314435209266,39.730314435209266,39.730314435209266,0.0,0.0,0.0,24480985.068052173
4,1994-12-31,567197.5204933241,23171746.494389765,23384558.889467407,567197.5204933241,567197.5204933241,40.03468916263085,40.03468916263085,40.03468916263085,40.03468916263085,40.03468916263085,40.03468916263085,0.0,0.0,0.0,23274773.947258495
5,1995-12-31,566203.7469928233,23277166.058799416,23496694.757338148,566203.7469928233,566203.7469928233,40.30911749780214,40.30911749780214,40.30911749780214,40.30911749780214,40.30911749780214,40.30911749780214,0.0,0.0,0.0,23389377.112222373
6,1996-12-30,562845.9635549267,23286389.012297865,23496608.569702107,562845.9635549267,562845.9635549267,40.55326552977328,40.55326552977328,40.55326552977328,40.55326552977328,40.55326552977328,40.55326552977328,0.0,0.0,0.0,23388087.775958963
7,1997-12-31,559478.9799891206,22671918.55921388,22902297.3599659,559478.9799891206,559478.9799891206,39.73031443520978,39.73031443520978,39.73031443520978,39.73031443520978,39.73031443520978,39.73031443520978,0.0,0.0,0.0,22787754.77484732
8,1998-12-31,520912.3413593751,21272648.1138108,21487700.644388232,520912.3413593751,520912.3413593751,40.03468916263089,40.03468916263089,40.03468916263089,40.03468916263089,40.03468916263089,40.03468916263089,0.0,0.0,0.0,21375476.00866023
9,1999-12-31,475278.4091066001,19534158.423510954,19732492.82011815,475278.4091066001,475278.4091066001,40.30911749780312,40.30911749780312,40.30911749780312,40.30911749780312,40.30911749780312,40.30911749780312,0.0,0.0,0.0,19633331.645953484
10,2000-12-30,471089.4068718517,19470074.929930806,19685565.19432265,471089.4068718517,471089.4068718517,40.5532655297724,40.5532655297724,40.5532655297724,40.5532655297724,40.5532655297724,40.5532655297724,0.0,0.0,0.0,19575303.212009043
11,2001-12-31,474413.39286347217,19214726.76560039,19428966.278567553,474413.39286347217,474413.39286347217,39.730314435207234,39.730314435207234,39.730314435207234,39.730314435207234,39.730314435207234,39.730314435207234,0.0,0.0,0.0,19323006.66360272
12,2002-12-31,455135.84091809514,18569278.11033993,18780084.808176164,455135.84091809514,455135.84091809514,40.034689162627785,40.034689162627785,40.034689162627785,40.034689162627785,40.034689162627785,40.034689162627785,0.0,0.0,0.0,18676357.758845244
13,2003-12-31,437926.0340660063,17978343.391218796,18193413.91767635,437926.0340660063,437926.0340660063,40.30911749780036,40.30911749780036,40.30911749780036,40.30911749780036,40.30911749780036,40.30911749780036,0.0,0.0,0.0,18090337.996578377
14,2004-12-30,431410.96563045774,17821286.984800525,18035433.031346288,431410.96563045774,431410.96563045774,40.55326552977418,40.55326552977418,40.55326552977418,40.55326552977418,40.55326552977418,40.55326552977418,0.0,0.0,0.0,17926534.40729869
15,2005-12-31,412909.41434835363,16717004.054266404,16934929.24275809,412909.41434835363,412909.41434835363,39.73031443520931,39.73031443520931,39.73031443520931,39.73031443520931,39.73031443520931,39.73031443520931,0.0,0.0,0.0,16817930.27966657
16,2006-12-31,386490.01246080536,15755195.164295508,15973165.023068957,386490.01246080536,386490.01246080536,40.034689162631956,40.034689162631956,40.034689162631956,40.034689162631956,40.034689162631956,40.034689162631956,0.0,0.0,0.0,15859497.5257909
17,2007-12-31,358839.7192779951,14715889.233354712,14939064.579069825,358839.7192779951,358839.7192779951,40.309117497802184,40.309117497802184,40.309117497802184,40.309117497802184,40.309117497802184,40.309117497802184,0.0,0.0,0.0,14823352.126533052
18,2008-12-30,340871.53255630063,14054003.699209709,14275924.408252083,340871.53255630063,340871.53255630063,40.55326552977404,40.55326552977404,40.55326552977404,40.55326552977404,40.55326552977404,40.55326552977404,0.0,0.0,0.0,14164325.303852975
19,2009-12-31,346131.10002122336,13988702.930633478,14208707.915031662,346131.10002122336,346131.10002122336,39.73031443520936,39.73031443520936,39.73031443520936,39.73031443520936,39.73031443520936,39.73031443520936,0.0,0.0,0.0,14098028.539669327
20,2010-12-31,331519.8521919827,13487469.419887375,13718429.923030257,331519.8521919827,331519.8521919827,40.03468916263164,40.03468916263164,40.03468916263164,40.03468916263164,40.03468916263164,40.03468916263164,0.0,0.0,0.0,13603814.085939595
21,2011-12-31,331300.657011228,13583792.658031814,13794841.759258304,331300.657011228,331300.657011228,40.30911749780164,40.30911749780164,40.30911749780164,40.30911749780164,40.30911749780164,40.30911749780164,0.0,0.0,0.0,13685737.767575696
22,2012-12-30,308178.5210882536,12700445.545630183,12911365.370467909,308178.5210882536,308178.5210882536,40.553265529774016,40.553265529774016,40.553265529774016,40.553265529774016,40.553265529774016,40.553265529774016,0.0,0.0,0.0,12805823.917353263
23,2013-12-31,296729.7085585394,11981390.253572932,12192169.81278096,296729.7085585394,296729.7085585394,39.73031443520996,39.73031443520996,39.73031443520996,39.73031443520996,39.73031443520996,39.73031443520996,0.0,0.0,0.0,12085894.331857523
24,2014-12-31,285312.1769373764,11592641.841110932,11812841.833338954,285312.1769373764,285312.1769373764,40.034689162630194,40.034689162630194,40.034689162630194,40.034689162630194,40.034689162630194,40.034689162630194,0.0,0.0,0.0,11707696.494938588
25,2015-12-31,273894.64531621325,11205931.155627066,11422794.887474976,273894.64531621325,273894.64531621325,40.30911749780377,40.30911749780377,40.30911749780377,40.30911749780377,40.30911749780377,40.30911749780377,0.0,0.0,0.0,11314346.085386742
26,2016-12-30,262477.11369505024,10805645.83475803,11021776.640272522,262477.11369505024,262477.11369505024,40.55326552977455,40.55326552977455,40.55326552977455,40.55326552977455,40.55326552977455,40.55326552977455,0.0,0.0,0.0,10906781.200859247
27,2017-12-31,251028.301165336,10114166.256554715,10337278.035219563,251028.301165336,251028.301165336,39.73031443520977,39.73031443520977,39.73031443520977,39.73031443520977,39.73031443520977,39.73031443520977,0.0,0.0,0.0,10224461.63860067
28,2018-12-31,239610.76954417294,9722640.979795322,9940107.369099574,239610.76954417294,239610.76954417294,40.034689162630286,40.034689162630286,40.034689162630286,40.034689162630286,40.034689162630286,40.034689162630286,0.0,0.0,0.0,9832353.448263777
29,2019-12-31,228193.23792300993,7957567.167052993,11031894.214614065,192406.13013818374,268145.29110613867,40.30911749780222,40.30911749780222,40.30911749780222,40.30911749780222,40.30911749780222,40.30911749780222,0.0,0.0,0.0,9426461.277565554
30,2020-12-31,216744.42539329568,4706764.53000778,13167843.975294575,116059.17304166841,326781.892418661,39.39636445588437,39.39636445588437,39.39636445588437,39.39636445588437,39.39636445588437,39.39636445588437,0.0,0.0,0.0,8755686.801968811
31,2021-12-31,205326.89377213264,1072660.130214659,16250704.554715116,27816.359075666554,398276.8744972433,39.730314435211156,39.730314435211156,39.730314435211156,39.730314435211156,39.730314435211156,39.730314435211156,0.0,0.0,0.0,8363028.945344161
32,2022-12-31,193909.36215096957,-3200231.28242216,20056690.373839058,-80104.06538566262,490352.3450915231,40.03468916263027,40.03468916263027,40.03468916263027,40.03468916263027,40.03468916263027,40.03468916263027,0.0,0.0,0.0,7957010.401588939
33,2023-12-31,182491.83052980647,-8355606.824288811,23883633.09722737,-201097.15790894922,578233.8927856256,40.309117497802845,40.309117497802845,40.309117497802845,40.309117497802845,40.309117497802845,40.309117497802845,0.0,0.0,0.0,7538576.469744899
34,2024-12-31,171043.01800009233,-13163607.932358896,26417811.263616107,-328446.6089088403,653851.1727291377,39.39636445588263,39.39636445588263,39.39636445588263,39.39636445588263,39.39636445588263,39.39636445588263,0.0,0.0,0.0,6909516.092765823
35,2025-12-31,159625.48637892926,-19712912.541066203,30900002.131814208,-481925.01193847286,759391.8910392354,39.73031443520987,39.73031443520987,39.73031443520987,39.73031443520987,39.73031443520987,39.73031443520987,0.0,0.0,0.0,6501596.252087099
36,2026-12-31,148207.9547577661,-24897762.878725193,35667514.78849306,-605494.9960193606,870639.9677788754,40.03468916263038,40.03468916263038,40.03468916263038,40.03468916263038,40.03468916263038,40.03468916263038,0.0,0.0,0.0,6081667.354914118
37,2027-12-31,136790.42313660312,-30289731.101498485,41174071.37257186,-733260.99476892,995995.7369297977,40.30911749780356,40.30911749780356,40.30911749780356,40.30911749780356,40.30911749780356,40.30911749780356,0.0,0.0,0.0,5650691.661924205
38,2028-12-31,125341.61060688892,-35776166.784562744,45863099.07768343,-883666.8246796653,1135358.0455623346,39.396364455882235,39.396364455882235,39.396364455882235,39.396364455882235,39.396364455882235,39.396364455882235,0.0,0.0,0.0,5063345.383563159
39,2029-12-31,113924.07898572585,-42140623.094484165,52429336.16811145,-1034445.1856328667,1287101.6846527653,39.730314435212804,39.730314435212804,39.730314435212804,39.730314435212804,39.730314435212804,39.730314435212804,0.0,0.0,0.0,4640163.558830633
40,2030-12-31,102506.54736456276,-49209473.473115064,58316382.476843484,-1199966.9607961497,1421822.1961919384,40.03468916262665,40.03468916262665,40.03468916262665,40.03468916262665,40.03468916262665,40.03468916262665,0.0,0.0,0.0,4206324.308238899
41,2031-12-31,91089.01574339978,-57408100.13822088,64966535.78604108,-1389496.0944964224,1574309.6906436875,40.309117497799704,40.309117497799704,40.309117497799704,40.309117497799704,40.309117497799704,40.309117497799704,0.0,0.0,0.0,3762806.854103029
42,2032-12-31,79640.2032136855,-64322785.06074174,69680387.0624887,-1594822.4400262858,1723915.6450804416,39.39636445587911,39.39636445587911,39.39636445587911,39.39636445587911,39.39636445587911,39.39636445587911,0.0,0.0,0.0,3217174.674360314
43,2033-12-31,68222.67159252241,-73226681.24862468,76779045.59928973,-1794098.240592194,1884272.6162029847,39.730314435203816,39.730314435203816,39.730314435203816,39.730314435203816,39.730314435203816,39.730314435203816,0.0,0.0,0.0,2778730.865573085
44,2034-12-31,56805.13997135943,-82840603.88563663,85430249.22922753,-2017182.258675865,2081501.8923357008,40.03468916262759,40.03468916262759,40.03468916262759,40.03468916262759,40.03468916262759,40.03468916262759,0.0,0.0,0.0,2330981.2615642864
