,ds,trend,yhat_lower,yhat_upper,trend_lower,trend_upper,multiplicative_terms,multiplicative_terms_lower,multiplicative_terms_upper,yearly,yearly_lower,yearly_upper,additive_terms,additive_terms_lower,additive_terms_upper,yhat
0,1990-12-31,-160433.20211986382,-706341.2063372468,188012.83536749295,-160433.20211986382,-160433.20211986382,0.5995832841017932,0.5995832841017932,0.5995832841017932,0.5995832841017932,0.5995832841017932,0.5995832841017932,0.0,0.0,0.0,-256626.26832585855
1,1991-12-31,-116656.1414313472,-625381.3106648925,251851.06382329646,-116656.1414313472,-116656.1414313472,0.5902666331496946,0.5902666331496946,0.5902666331496946,0.5902666331496946,0.5902666331496946,0.5902666331496946,0.0,0.0,0.0,-185514.36927026312
2,1992-12-30,-72879.08071092304,-567264.8145656514,330557.3764155189,-72879.08071092304,-72879.08071092304,0.5806607938606767,0.5806607938606767,0.5806607938606767,0.5806607938606767,0.5806607938606767,0.5806607938606767,0.0,0.0,0.0,-115197.10557236394
3,1993-12-31,-28982.08287437748,-517266.0904347038,435170.1241468284,-28982.08287437748,-28982.08287437748,0.6085994388107774,0.6085994388107774,0.6085994388107774,0.6085994388107774,0.6085994388107774,0.6085994388107774,0.0,0.0,0.0,-46620.562247291055
4,1994-12-31,14794.977823168174,-425195.90324520477,502262.1919272969,14794.977823168174,14794.977823168174,0.5995832841017764,0.5995832841017764,0.5995832841017764,0.5995832841017764,0.5995832841017764,0.5995832841017764,0.0,0.0,0.0,23665.799214596296
5,1995-12-31,58572.038557265274,-350643.360516526,528043.216844294,58572.038557265274,58572.038557265274,0.5902666331496981,0.5902666331496981,0.5902666331496981,0.5902666331496981,0.5902666331496981,0.5902666331496981,0.0,0.0,0.0,93145.15855317656
6,1996-12-30,102349.09925868003,-320938.65284550947,610663.8685674256,102349.09925868001,102349.09925868001,0.5806607938606968,0.5806607938606968,0.5806607938606968,0.5806607938606968,0.5806607938606968,0.5806607938606968,0.0,0.0,0.0,161779.20848515243
7,1997-12-31,146246.09711670602,-202201.15448261666,673586.7018237985,146246.09711670602,146246.09711670602,0.6085994388107632,0.6085994388107632,0.6085994388107632,0.6085994388107632,0.6085994388107632,0.6085994388107632,0.0,0.0,0.0,235251.38975019768
8,1998-12-31,190023.15781429547,-161657.52430437374,754679.1137492176,190023.15781429547,190023.15781429547,0.5995832841017749,0.5995832841017749,0.5995832841017749,0.5995832841017749,0.5995832841017749,0.5995832841017749,0.0,0.0,0.0,303957.8668319806
9,1999-12-31,233803.49287779653,-95682.33285149389,791931.6121043467,233803.49287779653,233803.49287779653,0.5902666331496623,0.5902666331496623,0.5902666331496623,0.5902666331496623,0.5902666331496623,0.5902666331496623,0.0,0.0,0.0,371809.89343740453
10,2000-12-30,277587.8575055274,-23932.174997949005,882269.7299650296,277587.8575055274,277587.8575055274,0.580660793860734,0.580660793860734,0.580660793860734,0.580660793860734,0.580660793860734,0.580660793860734,0.0,0.0,0.0,438772.24321078724
11,2001-12-31,321492.93835990503,88413.95389411337,993109.0987753072,321492.93835990503,321492.93835990503,0.6085994388108338,0.6085994388108338,0.6085994388108338,0.6085994388108338,0.6085994388108338,0.6085994388108338,0.0,0.0,0.0,517153.3602273892
12,2002-12-31,365282.54935667134,135336.63054557453,1034001.384663174,365282.54935667134,365282.54935667134,0.5995832841018732,0.5995832841018732,0.5995832841018732,0.5995832841018732,0.5995832841018732,0.5995832841018732,0.0,0.0,0.0,584299.8599250489
13,2003-12-31,409076.0117629934,208189.13849306596,1143522.4171136238,409076.0117629934,409076.0117629934,0.590266633149763,0.590266633149763,0.590266633149763,0.590266633149763,0.590266633149763,0.590266633149763,0.0,0.0,0.0,650539.9319286684
14,2004-12-30,452871.54789580323,267784.90491672675,1179782.4223096923,452871.54789580323,452871.54789580323,0.5806607938606582,0.5806607938606582,0.5806607938606582,0.5806607938606582,0.5806607938606582,0.5806607938606582,0.0,0.0,0.0,715836.3004138854
15,2005-12-31,496787.07183294115,353660.3100705508,1245707.016696986,496787.07183294115,496787.07183294115,0.6085994388107762,0.6085994388107762,0.6085994388107762,0.6085994388107762,0.6085994388107762,0.6085994388107762,0.0,0.0,0.0,799131.4049589179
16,2006-12-31,540582.6079926613,406128.24527889007,1296111.1894798398,540582.6079926613,540582.6079926613,0.599583284101741,0.599583284101741,0.599583284101741,0.599583284101741,0.599583284101741,0.599583284101741,0.0,0.0,0.0,864706.9034211852
17,2007-12-31,584378.1441849106,462172.58819628134,1397068.0706129689,584378.1441849106,584378.1441849106,0.5902666331496964,0.5902666331496964,0.5902666331496964,0.5902666331496964,0.5902666331496964,0.5902666331496964,0.0,0.0,0.0,929317.0638392055
18,2008-12-30,628173.68036426,542328.5772065193,1439333.474732544,628173.68036426,628173.68036426,0.5806607938606645,0.5806607938606645,0.5806607938606645,0.5806607938606645,0.5806607938606645,0.5806607938606645,0.0,0.0,0.0,992929.5082869465
19,2009-12-31,672089.2042798941,621900.7534461882,1537364.7568872322,672089.2042798941,672089.2042798941,0.6085994388107748,0.6085994388107748,0.6085994388107748,0.6085994388107748,0.6085994388107748,0.6085994388107748,0.0,0.0,0.0,1081122.3168354179
20,2010-12-31,715884.7404509372,678359.2662861764,1622187.2683927177,715884.7404509372,715884.7404509372,0.599583284101751,0.599583284101751,0.599583284101751,0.599583284101751,0.599583284101751,0.599583284101751,0.0,0.0,0.0,1145117.2641688397
21,2011-12-31,759680.2766089091,727034.3926178488,1679272.042750899,759680.2766089091,759680.2766089091,0.5902666331497163,0.5902666331497163,0.5902666331497163,0.5902666331497163,0.5902666331497163,0.5902666331497163,0.0,0.0,0.0,1208094.1957530952
22,2012-12-30,803475.8127362762,772427.6269910613,1723341.9600975127,803475.8127362762,803475.8127362762,0.5806607938606655,0.5806607938606655,0.5806607938606655,0.5806607938606655,0.5806607938606655,0.5806607938606655,0.0,0.0,0.0,1270022.7160075658
23,2013-12-31,847391.3366096109,912781.7297804538,1828428.2277060624,847391.3366096109,847391.3366096109,0.6085994388107582,0.6085994388107582,0.6085994388107582,0.6085994388107582,0.6085994388107582,0.6085994388107582,0.0,0.0,0.0,1363113.2285233184
24,2014-12-31,891186.8727127997,1011192.4530346591,1927430.3077606524,891186.8727127997,891186.8727127997,0.5995832841017968,0.5995832841017968,0.5995832841017968,0.5995832841017968,0.5995832841017968,0.5995832841017968,0.0,0.0,0.0,1425527.62460235
25,2015-12-31,934982.4088159887,1022354.222846611,1956267.2747254875,934982.4088159887,934982.4088159887,0.5902666331496388,0.5902666331496388,0.5902666331496388,0.5902666331496388,0.5902666331496388,0.5902666331496388,0.0,0.0,0.0,1486871.3273219413
26,2016-12-30,978777.9449191776,1085767.4814109525,1987964.0683210937,978777.9449191776,978777.9449191776,0.5806607938606423,0.5806607938606423,0.5806607938606423,0.5806607938606423,0.5806607938606423,0.5806607938606423,0.0,0.0,0.0,1547115.9234292351
27,2017-12-31,1022693.4687925123,1218322.0359452737,2089163.2761951163,1022693.4687925123,1022693.4687925123,0.6085994388107635,0.6085994388107635,0.6085994388107635,0.6085994388107635,0.6085994388107635,0.6085994388107635,0.0,0.0,0.0,1645104.1399750684
28,2018-12-31,1066489.004895701,1228132.0577363954,2167684.465229108,1066489.004895701,1066489.004895701,0.599583284101794,0.599583284101794,0.599583284101794,0.599583284101794,0.599583284101794,0.599583284101794,0.0,0.0,0.0,1705937.9849095198
29,2019-12-31,1110284.54099889,1297667.1989858125,2195577.7914914438,1110282.9231843126,1110285.8300821413,0.590266633149695,0.590266633149695,0.590266633149695,0.590266633149695,0.590266633149695,0.590266633149695,0.0,0.0,0.0,1765648.4588524594
30,2020-12-31,1154200.0648722248,1411246.7542617833,2303521.5553173767,1154195.7176316655,1154203.4613676942,0.6173040857460323,0.6173040857460323,0.6173040857460323,0.6173040857460323,0.6173040857460323,0.6173040857460323,0.0,0.0,0.0,1866692.4806861847
31,2021-12-31,1197995.6009754136,1499239.62467244,2353332.9522861936,1197988.0618388837,1198001.5961329653,0.6085994388107248,0.6085994388107248,0.6085994388107248,0.6085994388107248,0.6085994388107248,0.6085994388107248,0.0,0.0,0.0,1927095.0514267671
32,2022-12-31,1241791.1370786023,1542500.406251942,2429486.486400843,1241779.9852076238,1241801.0306677339,0.5995832841017945,0.5995832841017945,0.5995832841017945,0.5995832841017945,0.5995832841017945,0.5995832841017945,0.0,0.0,0.0,1986348.3452166924
33,2023-12-31,1285586.6731817916,1608471.7872991485,2497005.7263605683,1285571.435060212,1285600.9989601346,0.5902666331496726,0.5902666331496726,0.5902666331496726,0.5902666331496726,0.5902666331496726,0.5902666331496726,0.0,0.0,0.0,2044425.5903828961
34,2024-12-31,1329502.197055126,1704599.0022577147,2587579.879787725,1329482.103143347,1329520.8763816906,0.6173040857460752,0.6173040857460752,0.6173040857460752,0.6173040857460752,0.6173040857460752,0.6173040857460752,0.0,0.0,0.0,2150209.335305639
35,2025-12-31,1373297.733158315,1770053.8289161986,2664485.808095576,1373273.581662835,1373321.7264498537,0.6085994388107607,0.6085994388107607,0.6085994388107607,0.6085994388107607,0.6085994388107607,0.6085994388107607,0.0,0.0,0.0,2209085.9628785555
36,2026-12-31,1417093.269261504,1790431.6625499302,2774486.2409162372,1417063.674166652,1417121.9422354978,0.5995832841017911,0.5995832841017911,0.5995832841017911,0.5995832841017911,0.5995832841017911,0.5995832841017911,0.0,0.0,0.0,2266758.70552386
37,2027-12-31,1460888.8053646928,1862823.0193443347,2756332.86452836,1460854.368697767,1460923.0472304237,0.5902666331496464,0.5902666331496464,0.5902666331496464,0.5902666331496464,0.5902666331496464,0.5902666331496464,0.0,0.0,0.0,2323202.721913319
38,2028-12-31,1504804.3292380273,1986659.5386224438,2895421.154412551,1504764.5034596992,1504843.4678582572,0.6173040857460843,0.6173040857460843,0.6173040857460843,0.6173040857460843,0.6173040857460843,0.6173040857460843,0.0,0.0,0.0,2433726.1899250573
39,2029-12-31,1548599.8653412166,2007381.7547649846,2947739.189250215,1548554.1913848491,1548643.6252443655,0.6085994388106793,0.6085994388106793,0.6085994388106793,0.6085994388106793,0.6085994388106793,0.6085994388106793,0.0,0.0,0.0,2491076.874330174
40,2030-12-31,1592395.4014444053,2096382.3310869404,2999475.314781905,1592344.481693409,1592444.5412823083,0.599583284101909,0.599583284101909,0.599583284101909,0.599583284101909,0.599583284101909,0.599583284101909,0.0,0.0,0.0,2547169.06583122
41,2031-12-31,1636190.9375475943,2119317.601491052,3088931.22723051,1636133.853722197,1636245.399638597,0.5902666331497871,0.5902666331497871,0.5902666331497871,0.5902666331497871,0.5902666331497871,0.5902666331497871,0.0,0.0,0.0,2601979.8534440063
42,2032-12-31,1680106.4614209293,2261381.909152541,3145237.9631490866,1680043.782176867,1680167.2279094064,0.6173040857461609,0.6173040857461609,0.6173040857461609,0.6173040857461609,0.6173040857461609,0.6173040857461609,0.0,0.0,0.0,2717243.0445445934
43,2033-12-31,1723901.9975241183,2290914.6927291206,3168698.8408567267,1723831.9614661129,1723968.3740008406,0.6085994388109285,0.6085994388109285,0.6085994388109285,0.6085994388109285,0.6085994388109285,0.6085994388109285,0.0,0.0,0.0,2773067.7857823353
44,2034-12-31,1767697.5336273068,2372401.5157468473,3266556.4559962223,1767618.5807000455,1767771.1853794558,0.5995832841018791,0.5995832841018791,0.5995832841018791,0.5995832841018791,0.5995832841018791,0.5995832841018791,0.0,0.0,0.0,2827579.426138359
