,ds,trend,yhat_lower,yhat_upper,trend_lower,trend_upper,multiplicative_terms,multiplicative_terms_lower,multiplicative_terms_upper,yearly,yearly_lower,yearly_upper,additive_terms,additive_terms_lower,additive_terms_upper,yhat
0,1990-12-31,207638.4525661195,8977600.33331335,9337994.69513289,207638.4525661195,207638.4525661195,43.1075156934202,43.1075156934202,43.1075156934202,43.1075156934202,43.1075156934202,43.1075156934202,0.0,0.0,0.0,9158416.305117602
1,1991-12-31,208030.02345631667,9069759.808068514,9432893.864563277,208030.02345631667,208030.02345631667,43.452932166984205,43.452932166984205,43.452932166984205,43.452932166984205,43.452932166984205,43.452932166984205,0.0,0.0,0.0,9247544.521399777
2,1992-12-30,203617.76120088875,8925779.840578603,9294790.068944423,203617.76120088875,203617.76120088875,43.76709961179978,43.76709961179978,43.76709961179978,43.76709961179978,43.76709961179978,43.76709961179978,0.0,0.0,0.0,9115376.598411847
3,1993-12-31,169132.0346817366,7213110.568095494,7572118.793751476,169132.0346817366,169132.0346817366,42.731270495242725,42.731270495242725,42.731270495242725,42.731270495242725,42.731270495242725,42.731270495242725,0.0,0.0,0.0,7396358.7580777975
4,1994-12-31,168403.09179444297,7248096.874705592,7611753.547772779,168403.09179444297,168403.09179444297,43.10751569342086,43.10751569342086,43.10751569342086,43.10751569342086,43.10751569342086,43.10751569342086,0.0,0.0,0.0,7427842.014143987
5,1995-12-31,167674.1466437383,7272245.895005655,7633248.375062913,167674.1466437383,167674.1466437383,43.452932166984084,43.452932166984084,43.452932166984084,43.452932166984084,43.452932166984084,43.452932166984084,0.0,0.0,0.0,7453607.46691104
6,1996-12-30,166945.3541577177,7298847.379464986,7650648.349599542,166945.3541577177,166945.3541577177,43.76709961179916,43.76709961179916,43.76709961179916,43.76709961179916,43.76709961179916,43.76709961179916,0.0,0.0,0.0,7473659.299305637
7,1997-12-31,168777.44392315313,7209317.8696838925,7555117.2826630315,168777.44392315313,168777.44392315313,42.73127049524335,42.73127049524335,42.73127049524335,42.73127049524335,42.73127049524335,42.73127049524335,0.0,0.0,0.0,7380852.053699176
8,1998-12-31,169063.85159029506,7267568.299645131,7639542.104074302,169063.85159029506,169063.85159029506,43.10751569342092,43.10751569342092,43.10751569342092,43.10751569342092,43.10751569342092,43.10751569342092,0.0,0.0,0.0,7456986.487209125
9,1999-12-31,119783.90631580426,5149530.946702917,5496187.879585004,119783.90631580426,119783.90631580426,43.452932166985335,43.452932166985335,43.452932166985335,43.452932166985335,43.452932166985335,43.452932166985335,0.0,0.0,0.0,5324745.862152973
10,2000-12-30,112795.4810675552,4869661.174553331,5234287.710774017,112795.4810675552,112795.4810675552,43.76709961179802,43.76709961179802,43.76709961179802,43.76709961179802,43.76709961179802,43.76709961179802,0.0,0.0,0.0,5049526.536711921
11,2001-12-31,116938.47729449965,4938717.7451918,5286941.998490589,116938.47729449965,116938.47729449965,42.73127049524023,42.73127049524023,42.73127049524023,42.73127049524023,42.73127049524023,42.73127049524023,0.0,0.0,0.0,5113868.181867273
12,2002-12-31,119752.8735306981,5106485.112461687,5465338.701707867,119752.8735306981,119752.8735306981,43.10751569341705,43.10751569341705,43.10751569341705,43.10751569341705,43.10751569341705,43.10751569341705,0.0,0.0,0.0,5282001.748587053
13,2003-12-31,112697.80881499806,4830010.797306513,5180715.769970196,112697.80881499806,112697.80881499806,43.45293216698182,43.45293216698182,43.45293216698182,43.45293216698182,43.45293216698182,43.45293216698182,0.0,0.0,0.0,5009748.050620594
14,2004-12-30,111407.15439807608,4824049.249867463,5162040.079982609,111407.15439807608,111407.15439807608,43.76709961180035,43.76709961180035,43.76709961180035,43.76709961180035,43.76709961180035,43.76709961180035,0.0,0.0,0.0,4987375.178405893
15,2005-12-31,112582.07171619938,4736956.928064348,5103547.122046573,112582.07171619938,112582.07171619938,42.731270495242775,42.731270495242775,42.731270495242775,42.731270495242775,42.731270495242775,42.731270495242775,0.0,0.0,0.0,4923357.031135936
16,2006-12-31,113987.49314004046,4849794.371063547,5198438.973004009,113987.49314004046,113987.49314004046,43.10751569342224,43.10751569342224,43.10751569342224,43.10751569342224,43.10751569342224,43.10751569342224,0.0,0.0,0.0,5027705.142528195
17,2007-12-31,116680.77279051849,5011832.9471427305,5369442.355554206,116680.77279051849,116680.77279051849,43.452932166984134,43.452932166984134,43.452932166984134,43.452932166984134,43.452932166984134,43.452932166984134,0.0,0.0,0.0,5186802.478048206
18,2008-12-30,119364.97342517479,5174278.152867078,5524761.3022543285,119364.97342517479,119364.97342517479,43.76709961180015,43.76709961180015,43.76709961180015,43.76709961180015,43.76709961180015,43.76709961180015,0.0,0.0,0.0,5343623.655484677
19,2009-12-31,112984.2092243392,4742043.373656722,5134353.086506903,112984.2092243392,112984.2092243392,42.73127049524284,42.73127049524284,42.73127049524284,42.73127049524284,42.73127049524284,42.73127049524284,0.0,0.0,0.0,4940943.015280688
20,2010-12-31,113298.59528197866,4820998.502345056,5172869.660134424,113298.59528197866,113298.59528197866,43.10751569342185,43.10751569342185,43.10751569342185,43.10751569342185,43.10751569342185,43.10751569342185,0.0,0.0,0.0,4997319.569442525
21,2011-12-31,112540.67208045829,4822649.539178971,5198944.690155732,112540.67208045829,112540.67208045829,43.452932166983445,43.452932166983445,43.452932166983445,43.452932166983445,43.452932166983445,43.452932166983445,0.0,0.0,0.0,5002762.86201934
22,2012-12-30,113817.74088512197,4920993.108210333,5270511.324146385,113817.74088512197,113817.74088512197,43.76709961180012,43.76709961180012,43.76709961180012,43.76709961180012,43.76709961180012,43.76709961180012,0.0,0.0,0.0,5095290.14379431
23,2013-12-31,114292.76230741535,4824076.767262258,5187016.215063142,114292.76230741535,114292.76230741535,42.731270495243564,42.731270495243564,42.731270495243564,42.731270495243564,42.731270495243564,42.731270495243564,0.0,0.0,0.0,4998167.704114159
24,2014-12-31,114766.48585697022,4877593.675669882,5242968.058063422,114766.48585697022,114766.48585697022,43.10751569342005,43.10751569342005,43.10751569342005,43.10751569342005,43.10751569342005,43.10751569342005,0.0,0.0,0.0,5062064.5760149835
25,2015-12-31,115240.20940652509,4949866.411611726,5299215.3039012505,115240.20940652509,115240.20940652509,43.45293216698616,43.45293216698616,43.45293216698616,43.45293216698616,43.45293216698616,43.45293216698616,0.0,0.0,0.0,5122765.21165754
26,2016-12-30,115713.93295607995,5001745.452291967,5357750.365296599,115713.93295607995,115713.93295607995,43.767099611800816,43.767099611800816,43.767099611800816,43.767099611800816,43.767099611800816,43.767099611800816,0.0,0.0,0.0,5180177.163118073
27,2017-12-31,116188.95437837334,4896435.386941936,5259525.747227179,116188.95437837334,116188.95437837334,42.731270495243336,42.731270495243336,42.731270495243336,42.731270495243336,42.731270495243336,42.731270495243336,0.0,0.0,0.0,5081090.592480132
28,2018-12-31,116662.6779279282,4965864.88619069,5338382.508113278,116662.6779279282,116662.6779279282,43.10751569342016,43.10751569342016,43.10751569342016,43.10751569342016,43.10751569342016,43.10751569342016,0.0,0.0,0.0,5145700.897542515
29,2019-12-31,117136.40147748307,4559008.663755434,5863385.988231735,101832.01818908764,132708.06391189323,43.45293216698418,43.45293216698418,43.45293216698418,43.45293216698418,43.45293216698418,43.45293216698418,0.0,0.0,0.0,5207056.509163181
30,2020-12-31,117611.42289977646,3147282.8045852385,6807119.40823996,74891.3505338784,156303.1297535138,42.32465446422496,42.32465446422496,42.32465446422496,42.32465446422496,42.32465446422496,42.32465446422496,0.0,0.0,0.0,5095474.25817865
31,2021-12-31,118085.14644933133,1841597.683659148,8392310.137260044,41718.75966334783,193432.08554238352,42.73127049524503,42.73127049524503,42.73127049524503,42.73127049524503,42.73127049524503,42.73127049524503,0.0,0.0,0.0,5164013.480846331
32,2022-12-31,118558.86999888619,178428.0637127395,10385364.244281536,4044.1912547149986,236568.87859879393,43.10751569342014,43.10751569342014,43.10751569342014,43.10751569342014,43.10751569342014,43.10751569342014,0.0,0.0,0.0,5229337.219070031
33,2023-12-31,119032.59354844106,-1523216.0944384623,12295137.36414151,-34206.06098664136,276164.21302387264,43.45293216698498,43.45293216698498,43.45293216698498,43.45293216698498,43.45293216698498,43.45293216698498,0.0,0.0,0.0,5291347.806669144
34,2024-12-31,119507.61497073444,-3640878.7835991033,14325456.646015178,-85715.85986682736,330575.24023105646,42.32465446422289,42.32465446422289,42.32465446422289,42.32465446422289,42.32465446422289,42.32465446422289,0.0,0.0,0.0,5177626.12445046
35,2025-12-31,119981.33852028931,-5951185.3881491115,16631619.16676693,-137622.17578940236,380532.4903429881,42.731270495243464,42.731270495243464,42.731270495243464,42.731270495243464,42.731270495243464,42.731270495243464,0.0,0.0,0.0,5246936.369212146
36,2026-12-31,120455.06206984418,-8468787.92092056,19524927.98945318,-192514.71275057294,440493.7306300995,43.107515693420275,43.107515693420275,43.107515693420275,43.107515693420275,43.107515693420275,43.107515693420275,0.0,0.0,0.0,5312973.5405975655
37,2027-12-31,120928.78561939904,-11063787.441735972,21909383.28064651,-250691.71959299326,494137.1594622038,43.4529321669859,43.4529321669859,43.4529321669859,43.4529321669859,43.4529321669859,43.4529321669859,0.0,0.0,0.0,5375639.104175126
38,2028-12-31,121403.80704169243,-13202499.818754397,23603606.530151576,-307090.1851780857,543639.7161455344,42.3246544642224,42.3246544642224,42.3246544642224,42.3246544642224,42.3246544642224,42.3246544642224,0.0,0.0,0.0,5259777.990722454
39,2029-12-31,121877.5305912473,-16034017.128671037,26912489.71498625,-369254.1858741994,618125.1021011691,42.73127049524705,42.73127049524705,42.73127049524705,42.73127049524705,42.73127049524705,42.73127049524705,0.0,0.0,0.0,5329859.257578583
40,2030-12-31,122351.25414080216,-19021615.57934039,30312004.32871165,-432408.3766616606,687658.234670631,43.107515693415635,43.107515693415635,43.107515693415635,43.107515693415635,43.107515693415635,43.107515693415635,0.0,0.0,0.0,5396609.862124517
41,2031-12-31,122824.97769035703,-22809021.15224041,32986306.686922565,-514272.5112708792,743027.7361470668,43.452932166980986,43.452932166980986,43.452932166980986,43.452932166980986,43.452932166980986,43.452932166980986,0.0,0.0,0.0,5459930.401680394
42,2032-12-31,123299.99911265042,-25378975.790394977,35188458.36313589,-587060.6829808378,811444.343748001,42.324654464218604,42.324654464218604,42.324654464218604,42.324654464218604,42.324654464218604,42.324654464218604,0.0,0.0,0.0,5341929.856994039
43,2033-12-31,123773.72266220528,-29352054.376897883,39557637.08763589,-674333.2544972395,903839.5316190394,42.73127049523603,42.73127049523603,42.73127049523603,42.73127049523603,42.73127049523603,42.73127049523603,0.0,0.0,0.0,5412782.145943225
44,2034-12-31,124247.44621176015,-34187286.22780775,44052986.83975732,-774177.6676955952,1002480.7614856272,43.10751569341682,43.10751569341682,43.10751569341682,43.10751569341682,43.10751569341682,43.10751569341682,0.0,0.0,0.0,5480246.183652174
