,ds,trend,yhat_lower,yhat_upper,trend_lower,trend_upper,multiplicative_terms,multiplicative_terms_lower,multiplicative_terms_upper,yearly,yearly_lower,yearly_upper,additive_terms,additive_terms_lower,additive_terms_upper,yhat
0,1990-12-31,0.0,-1.8934410616954996e-09,1.816375483294352e-09,0.0,0.0,0.0,0.0,0.0,0.0,0.0,0.0,0.0,0.0,0.0,0.0
1,1991-12-31,0.0,-2.1230546837035525e-09,1.9199312435941355e-09,0.0,0.0,0.0,0.0,0.0,0.0,0.0,0.0,0.0,0.0,0.0,0.0
2,1992-12-30,0.0,-1.912391238249526e-09,1.968360566513855e-09,0.0,0.0,0.0,0.0,0.0,0.0,0.0,0.0,0.0,0.0,0.0,0.0
3,1993-12-31,0.0,-1.927237905786481e-09,1.9633382515988825e-09,0.0,0.0,0.0,0.0,0.0,0.0,0.0,0.0,0.0,0.0,0.0,0.0
4,1994-12-31,0.0,-2.0192190252109225e-09,1.9597147973953786e-09,0.0,0.0,0.0,0.0,0.0,0.0,0.0,0.0,0.0,0.0,0.0,0.0
5,1995-12-31,0.0,-1.9105250556887875e-09,1.9623617367719286e-09,0.0,0.0,0.0,0.0,0.0,0.0,0.0,0.0,0.0,0.0,0.0,0.0
6,1996-12-30,0.0,-1.949954633025066e-09,1.8806285264797296e-09,0.0,0.0,0.0,0.0,0.0,0.0,0.0,0.0,0.0,0.0,0.0,0.0
7,1997-12-31,0.0,-1.9806862875605517e-09,1.9556450164361313e-09,0.0,0.0,0.0,0.0,0.0,0.0,0.0,0.0,0.0,0.0,0.0,0.0
8,1998-12-31,0.0,-1.991375474088604e-09,2.0535662977371697e-09,0.0,0.0,0.0,0.0,0.0,0.0,0.0,0.0,0.0,0.0,0.0,0.0
9,1999-12-31,0.0,-1.905463511533291e-09,2.065943132856788e-09,0.0,0.0,0.0,0.0,0.0,0.0,0.0,0.0,0.0,0.0,0.0,0.0
10,2000-12-30,0.0,-1.933080232497888e-09,1.7895157176532917e-09,0.0,0.0,0.0,0.0,0.0,0.0,0.0,0.0,0.0,0.0,0.0,0.0
11,2001-12-31,0.0,-1.9455638689382017e-09,1.9780432032546944e-09,0.0,0.0,0.0,0.0,0.0,0.0,0.0,0.0,0.0,0.0,0.0,0.0
12,2002-12-31,0.0,-1.9988998608568665e-09,1.905269211336649e-09,0.0,0.0,0.0,0.0,0.0,0.0,0.0,0.0,0.0,0.0,0.0,0.0
13,2003-12-31,0.0,-1.8975012104314143e-09,1.9518319372457407e-09,0.0,0.0,0.0,0.0,0.0,0.0,0.0,0.0,0.0,0.0,0.0,0.0
14,2004-12-30,0.0,-2.0126845193717327e-09,2.0386220760097915e-09,0.0,0.0,0.0,0.0,0.0,0.0,0.0,0.0,0.0,0.0,0.0,0.0
15,2005-12-31,0.0,-2.126104869596441e-09,1.98613618046504e-09,0.0,0.0,0.0,0.0,0.0,0.0,0.0,0.0,0.0,0.0,0.0,0.0
16,2006-12-31,0.0,-1.9422744068867723e-09,1.8467782990785592e-09,0.0,0.0,0.0,0.0,0.0,0.0,0.0,0.0,0.0,0.0,0.0,0.0
17,2007-12-31,0.0,-2.0103592506253426e-09,1.890998832001925e-09,0.0,0.0,0.0,0.0,0.0,0.0,0.0,0.0,0.0,0.0,0.0,0.0
18,2008-12-30,0.0,-1.902449783781074e-09,1.8834680881999643e-09,0.0,0.0,0.0,0.0,0.0,0.0,0.0,0.0,0.0,0.0,0.0,0.0
19,2009-12-31,0.0,-2.0320172533512256e-09,2.1052806907228967e-09,0.0,0.0,0.0,0.0,0.0,0.0,0.0,0.0,0.0,0.0,0.0,0.0
20,2010-12-31,0.0,-1.912551835749136e-09,1.966040060317869e-09,0.0,0.0,0.0,0.0,0.0,0.0,0.0,0.0,0.0,0.0,0.0,0.0
21,2011-12-31,0.0,-2.0532011925347685e-09,1.86573112042919e-09,0.0,0.0,0.0,0.0,0.0,0.0,0.0,0.0,0.0,0.0,0.0,0.0
22,2012-12-30,0.0,-2.042322922157661e-09,1.983084417066525e-09,0.0,0.0,0.0,0.0,0.0,0.0,0.0,0.0,0.0,0.0,0.0,0.0
23,2013-12-31,0.0,-1.7596905833840303e-09,2.050911746237439e-09,0.0,0.0,0.0,0.0,0.0,0.0,0.0,0.0,0.0,0.0,0.0,0.0
24,2014-12-31,0.0,-1.962879503008394e-09,1.962470831695488e-09,0.0,0.0,0.0,0.0,0.0,0.0,0.0,0.0,0.0,0.0,0.0,0.0
25,2015-12-31,0.0,-1.8733716090829723e-09,2.062458403336616e-09,0.0,0.0,0.0,0.0,0.0,0.0,0.0,0.0,0.0,0.0,0.0,0.0
26,2016-12-30,0.0,-1.9869121413986348e-09,1.9177147607560775e-09,0.0,0.0,0.0,0.0,0.0,0.0,0.0,0.0,0.0,0.0,0.0,0.0
27,2017-12-31,0.0,-2.0740842658847443e-09,1.931490551913085e-09,0.0,0.0,0.0,0.0,0.0,0.0,0.0,0.0,0.0,0.0,0.0,0.0
28,2018-12-31,0.0,-1.99825680663305e-09,1.8179462667649161e-09,0.0,0.0,0.0,0.0,0.0,0.0,0.0,0.0,0.0,0.0,0.0,0.0
29,2019-12-31,0.0,-1.8358014209368955e-09,2.018669889142454e-09,-6.051302729968952e-10,6.292270620543473e-10,0.0,0.0,0.0,0.0,0.0,0.0,0.0,0.0,0.0,0.0
30,2020-12-31,0.0,-2.434982430384988e-09,2.4123077865868383e-09,-1.6164987051719302e-09,1.805730822746311e-09,0.0,0.0,0.0,0.0,0.0,0.0,0.0,0.0,0.0,0.0
31,2021-12-31,0.0,-3.2671200659041435e-09,3.594508017880525e-09,-2.969860406823651e-09,3.113379404233001e-09,0.0,0.0,0.0,0.0,0.0,0.0,0.0,0.0,0.0,0.0
32,2022-12-31,0.0,-4.4970973584983e-09,4.847179975124648e-09,-4.413429699433577e-09,4.743866038775464e-09,0.0,0.0,0.0,0.0,0.0,0.0,0.0,0.0,0.0,0.0
33,2023-12-31,0.0,-6.1980638520912375e-09,6.753006419983115e-09,-6.0088127772728315e-09,6.396606656650937e-09,0.0,0.0,0.0,0.0,0.0,0.0,0.0,0.0,0.0,0.0
34,2024-12-31,0.0,-8.119832422383584e-09,8.29849415619777e-09,-7.471297789826236e-09,8.117521697131538e-09,0.0,0.0,0.0,0.0,0.0,0.0,0.0,0.0,0.0,0.0
35,2025-12-31,0.0,-1.0036914540938006e-08,1.0447891734248241e-08,-9.008934758272808e-09,1.0246451003459146e-08,0.0,0.0,0.0,0.0,0.0,0.0,0.0,0.0,0.0,0.0
36,2026-12-31,0.0,-1.178484503205172e-08,1.3468450949519966e-08,-1.1113991992661598e-08,1.2868695183871073e-08,0.0,0.0,0.0,0.0,0.0,0.0,0.0,0.0,0.0,0.0
37,2027-12-31,0.0,-1.3771906927115474e-08,1.5763095241527343e-08,-1.3915225020751473e-08,1.5541698118776433e-08,0.0,0.0,0.0,0.0,0.0,0.0,0.0,0.0,0.0,0.0
38,2028-12-31,0.0,-1.6779439048485703e-08,1.8626154183099036e-08,-1.6641054674755784e-08,1.8117872006476185e-08,0.0,0.0,0.0,0.0,0.0,0.0,0.0,0.0,0.0,0.0
39,2029-12-31,0.0,-1.8715008370746822e-08,2.09724855671258e-08,-1.8803085659231956e-08,2.145117767489774e-08,0.0,0.0,0.0,0.0,0.0,0.0,0.0,0.0,0.0,0.0
40,2030-12-31,0.0,-2.083226214855258e-08,2.54525578172499e-08,-2.0962434954119566e-08,2.4737717141331003e-08,0.0,0.0,0.0,0.0,0.0,0.0,0.0,0.0,0.0,0.0
41,2031-12-31,0.0,-2.425121136252941e-08,2.749297952823041e-08,-2.3678025314980196e-08,2.7326200420069205e-08,0.0,0.0,0.0,0.0,0.0,0.0,0.0,0.0,0.0,0.0
42,2032-12-31,0.0,-2.722001382958554e-08,3.087933737743889e-08,-2.6472068868035737e-08,3.107647812527768e-08,0.0,0.0,0.0,0.0,0.0,0.0,0.0,0.0,0.0,0.0
43,2033-12-31,0.0,-2.9245061226656657e-08,3.511727945160706e-08,-2.961711403005171e-08,3.5132005344284236e-08,0.0,0.0,0.0,0.0,0.0,0.0,0.0,0.0,0.0,0.0
44,2034-12-31,0.0,-3.24519843708587e-08,3.931902017412212e-08,-3.252082821166091e-08,3.96428262993213e-08,0.0,0.0,0.0,0.0,0.0,0.0,0.0,0.0,0.0,0.0
