,ds,trend,yhat_lower,yhat_upper,trend_lower,trend_upper,multiplicative_terms,multiplicative_terms_lower,multiplicative_terms_upper,yearly,yearly_lower,yearly_upper,additive_terms,additive_terms_lower,additive_terms_upper,yhat
0,1990-12-31,34532.582575298096,1906431.5225304435,1952964.405107297,34532.582575298096,34532.582575298096,54.89814776027392,54.89814776027392,54.89814776027392,54.89814776027392,54.89814776027392,54.89814776027392,0.0,0.0,0.0,1930307.4033378735
1,1991-12-31,32751.04306626868,1802429.9400891012,1846972.268582684,32751.04306626868,32751.04306626868,54.75634424805911,54.75634424805911,54.75634424805911,54.75634424805911,54.75634424805911,54.75634424805911,0.0,0.0,0.0,1826078.4316858859
2,1992-12-30,32500.240250827785,1783135.6516583296,1828550.0523326462,32500.240250827785,32500.240250827785,54.57560071974554,54.57560071974554,54.57560071974554,54.57560071974554,54.57560071974554,54.57560071974554,0.0,0.0,0.0,1806220.3754758076
3,1993-12-31,21613.53490611158,1188738.9223462695,1232162.5076999643,21613.53490611158,21613.53490611158,55.000838712195716,55.000838712195716,55.000838712195716,55.000838712195716,55.000838712195716,55.000838712195716,0.0,0.0,0.0,1210376.082277567
4,1994-12-31,20562.081650836262,1127470.8887975113,1172352.0577700478,20562.081650836262,20562.081650836262,54.89814776027369,54.89814776027369,54.89814776027369,54.89814776027369,54.89814776027369,54.89814776027369,0.0,0.0,0.0,1149382.2783772578
5,1995-12-31,21849.10568838648,1197531.127564179,1240715.5848988583,21849.10568838648,21849.10568838648,54.75634424805917,54.75634424805917,54.75634424805917,54.75634424805917,54.75634424805917,54.75634424805917,0.0,0.0,0.0,1218226.2582739044
6,1996-12-30,20105.76560203483,1093300.0430416525,1140604.1109561706,20105.76560203483,20105.76560203483,54.575600719745964,54.575600719745964,54.575600719745964,54.575600719745964,54.575600719745964,54.575600719745964,0.0,0.0,0.0,1117390.0012634904
7,1997-12-31,19292.209769902754,1055993.4422170306,1103152.611250072,19292.209769902754,19292.209769902754,55.00083871219558,55.00083871219558,55.00083871219558,55.00083871219558,55.00083871219558,55.00083871219558,0.0,0.0,0.0,1080379.927726168
8,1998-12-31,18848.86183089155,1031996.6098962709,1075387.1157916018,18848.86183089155,18848.86183089155,54.898147760273666,54.898147760273666,54.898147760273666,54.898147760273666,54.898147760273666,54.898147760273666,0.0,0.0,0.0,1053616.4637361583
9,1999-12-31,14466.748173084874,784468.7870599453,827889.1723020062,14466.748173084874,14466.748173084874,54.75634424805856,54.75634424805856,54.75634424805856,54.75634424805856,54.75634424805856,54.75634424805856,0.0,0.0,0.0,806612.9912884925
10,2000-12-30,9687.533640038366,515500.53749943106,560675.3342316416,9687.533640038366,9687.533640038366,54.57560071974672,54.57560071974672,54.57560071974672,54.57560071974672,54.57560071974672,54.57560071974672,0.0,0.0,0.0,538390.5015378867
11,2001-12-31,9517.710342244267,511201.6723061138,555691.5434683103,9517.710342244267,9517.710342244267,55.00083871219625,55.00083871219625,55.00083871219625,55.00083871219625,55.00083871219625,55.00083871219625,0.0,0.0,0.0,532999.7617854234
12,2002-12-31,9917.727829567018,532236.0963690294,577353.9172994565,9917.727829567018,9917.727829567018,54.89814776027498,54.89814776027498,54.89814776027498,54.89814776027498,54.89814776027498,54.89814776027498,0.0,0.0,0.0,554382.6156633284
13,2003-12-31,13372.703033855323,723905.1893645631,769237.4711350703,13372.703033855323,13372.703033855323,54.75634424806027,54.75634424806027,54.75634424806027,54.75634424806027,54.75634424806027,54.75634424806027,0.0,0.0,0.0,745613.0338827174
14,2004-12-30,13944.956728478783,754277.2955014126,797460.2652033756,13944.956728478783,13944.956728478783,54.57560071974516,54.57560071974516,54.57560071974516,54.57560071974516,54.57560071974516,54.57560071974516,0.0,0.0,0.0,774999.3471960606
15,2005-12-31,12118.020335054161,655684.7387976794,701533.7076604457,12118.020335054161,12118.020335054161,55.0008387121957,55.0008387121957,55.0008387121957,55.0008387121957,55.0008387121957,55.0008387121957,0.0,0.0,0.0,678619.3022944758
16,2006-12-31,9130.582338502027,488196.2522464926,531376.4277001887,9130.582338502027,9130.582338502027,54.89814776027322,54.89814776027322,54.89814776027322,54.89814776027322,54.89814776027322,54.89814776027322,0.0,0.0,0.0,510382.64069492725
17,2007-12-31,9871.272389247495,527782.6662418836,571870.1002512636,9871.272389247495,9871.272389247495,54.756344248059136,54.756344248059136,54.756344248059136,54.756344248059136,54.756344248059136,54.756344248059136,0.0,0.0,0.0,550386.0615012445
18,2008-12-30,10986.989357168493,587419.6530153807,632055.9876346098,10986.989357168493,10986.989357168493,54.575600719745296,54.575600719745296,54.575600719745296,54.575600719745296,54.575600719745296,54.575600719745296,0.0,0.0,0.0,610608.5336260872
19,2009-12-31,9207.350933232745,491859.38815898827,537552.3661608254,9207.350933232745,9207.350933232745,55.00083871219569,55.00083871219569,55.00083871219569,55.00083871219569,55.00083871219569,55.00083871219569,0.0,0.0,0.0,515619.3745785514
20,2010-12-31,3180.1726157971502,155729.90410731136,199355.58276500102,3180.1726157971502,3180.1726157971502,54.898147760273346,54.898147760273346,54.898147760273346,54.898147760273346,54.898147760273346,54.898147760273346,0.0,0.0,0.0,177765.75878100412
21,2011-12-31,3795.3242704978716,189514.00534115016,234587.2805618049,3795.3242704978716,3795.3242704978716,54.75634424805949,54.75634424805949,54.75634424805949,54.75634424805949,54.75634424805949,54.75634424805949,0.0,0.0,0.0,211613.40655889458
22,2012-12-30,4026.2152053025043,201472.1072152287,244468.2406117055,4026.2152053025043,4026.2152053025043,54.5756007197453,54.5756007197453,54.5756007197453,54.5756007197453,54.5756007197453,54.5756007197453,0.0,0.0,0.0,223759.32866165933
23,2013-12-31,3611.5130385747793,179204.79956352577,223187.42713324397,3611.5130385747793,3611.5130385747793,55.00083871219554,55.00083871219554,55.00083871219554,55.00083871219554,55.00083871219554,55.00083871219554,0.0,0.0,0.0,202247.75918021743
24,2014-12-31,3197.943937876365,155866.72844835575,202526.0014754444,3197.943937876365,3197.943937876365,54.898147760273964,54.898147760273964,54.898147760273964,54.898147760273964,54.898147760273964,54.898147760273964,0.0,0.0,0.0,178759.14276848544
25,2015-12-31,2784.3748371779493,132286.5459900735,177126.52170385967,2784.3748371779493,2784.3748371779493,54.75634424805816,54.75634424805816,54.75634424805816,54.75634424805816,54.75634424805816,54.75634424805816,0.0,0.0,0.0,155246.56193732464
26,2016-12-30,2370.8057364795354,108079.99540354691,154886.88005646292,2370.8057364795354,2370.8057364795354,54.57560071974484,54.57560071974484,54.57560071974484,54.57560071974484,54.57560071974484,54.57560071974484,0.0,0.0,0.0,131758.95299466726
27,2017-12-31,1956.1035697518087,86816.02954727193,131867.29432818934,1956.1035697518087,1956.1035697518087,55.00083871219559,55.00083871219559,55.00083871219559,55.00083871219559,55.00083871219559,55.00083871219559,0.0,0.0,0.0,109543.44051402107
28,2018-12-31,1542.5344690533946,63194.15216299748,108100.68456756146,1542.5344690533946,1542.5344690533946,54.89814776027392,54.89814776027392,54.89814776027392,54.89814776027392,54.89814776027392,54.89814776027392,0.0,0.0,0.0,86224.81967646233
29,2019-12-31,1128.9653683549805,-230171.1366923448,342296.62499259156,-4073.771639339153,6219.088852642495,54.756344248059115,54.756344248059115,54.756344248059115,54.756344248059115,54.756344248059115,54.756344248059115,0.0,0.0,0.0,62946.981722137156
30,2020-12-31,714.2632016272539,-788870.7287328275,841989.1911488326,-13946.20521793553,14942.703862539021,55.06429216633671,55.06429216633671,55.06429216633671,55.06429216633671,55.06429216633671,55.06429216633671,0.0,0.0,0.0,40044.66081969343
31,2021-12-31,300.6941009288398,-1440432.4308272835,1472679.3597233929,-25656.068788887358,26385.563252220483,55.00083871219523,55.00083871219523,55.00083871219523,55.00083871219523,55.00083871219523,55.00083871219523,0.0,0.0,0.0,16839.121847824514
32,2022-12-31,-112.8749997695743,-2208424.0251795254,2254402.690743675,-39618.71785203108,40378.515191232145,54.898147760273936,54.898147760273936,54.898147760273936,54.898147760273936,54.898147760273936,54.898147760273936,0.0,0.0,0.0,-6309.503415560551
33,2023-12-31,-526.4441004679901,-2973987.603592757,3084737.500124265,-53401.05702800296,55158.01739578559,54.75634424805874,54.75634424805874,54.75634424805874,54.75634424805874,54.75634424805874,54.75634424805874,0.0,0.0,0.0,-29352.598493052876
34,2024-12-31,-941.1462671957149,-3883577.7728866446,4103003.913208496,-69288.50206333767,73233.35049324762,55.06429216633694,55.06429216633694,55.06429216633694,55.06429216633694,55.06429216633694,55.06429216633694,0.0,0.0,0.0,-52764.69929531797
35,2025-12-31,-1354.715367894129,-4846568.09167226,4950689.797002947,-86398.79887065239,88356.3203392211,55.00083871219556,55.00083871219556,55.00083871219556,55.00083871219556,55.00083871219556,55.00083871219556,0.0,0.0,0.0,-75865.19681837178
36,2026-12-31,-1768.284468592545,-5813881.322518769,5958938.422839974,-104053.46993675237,106429.54775268082,54.898147760273886,54.898147760273886,54.898147760273886,54.898147760273886,54.898147760273886,54.898147760273886,0.0,0.0,0.0,-98843.82650758346
37,2027-12-31,-2181.853569290959,-6932066.764389151,7019980.021109987,-124496.26207140069,125898.72903770141,54.756344248058284,54.756344248058284,54.756344248058284,54.756344248058284,54.756344248058284,54.756344248058284,0.0,0.0,0.0,-121652.1787082414
38,2028-12-31,-2596.555736018684,-8113976.714766644,8192562.975158695,-144443.1392695913,146264.60879849584,55.06429216633698,55.06429216633698,55.06429216633698,55.06429216633698,55.06429216633698,55.06429216633698,0.0,0.0,0.0,-145574.05941032968
39,2029-12-31,-3010.1248367170997,-9290153.800970763,9087675.83987173,-166157.9871357276,162227.42988778162,55.000838712194806,55.000838712194806,55.000838712194806,55.000838712194806,55.000838712194806,55.000838712194806,0.0,0.0,0.0,-168569.515484566
40,2030-12-31,-3423.6939374155154,-10482286.054882295,10271968.58690703,-187269.6594810401,183984.07875640504,54.89814776027546,54.89814776027546,54.89814776027546,54.89814776027546,54.89814776027546,54.89814776027546,0.0,0.0,0.0,-191378.14959961176
41,2031-12-31,-3837.263038113928,-12226513.084476134,11462334.726147516,-219189.2262279697,205368.41266991768,54.75634424806068,54.75634424806068,54.75634424806068,54.75634424806068,54.75634424806068,54.75634424806068,0.0,0.0,0.0,-213951.75892343934
42,2032-12-31,-4251.9652048416565,-13677402.301188862,12738813.001626777,-244283.71471488656,227477.19411123436,55.06429216633738,55.06429216633738,55.06429216633738,55.06429216633738,55.06429216633738,55.06429216633738,0.0,0.0,0.0,-238383.4195253432
43,2033-12-31,-4665.534305540069,-15178426.582207402,14635926.432066051,-271127.8736417288,261329.4472492109,55.00083871219714,55.00083871219714,55.00083871219714,55.00083871219714,55.00083871219714,55.00083871219714,0.0,0.0,0.0,-261273.83415077208
44,2034-12-31,-5079.103406238481,-16775868.471676558,16040008.370933,-299913.61548420525,287161.65188956575,54.89814776027505,54.89814776027505,54.89814776027505,54.89814776027505,54.89814776027505,54.89814776027505,0.0,0.0,0.0,-283912.4726916349
