,ds,trend,yhat_lower,yhat_upper,trend_lower,trend_upper,multiplicative_terms,multiplicative_terms_lower,multiplicative_terms_upper,yearly,yearly_lower,yearly_upper,additive_terms,additive_terms_lower,additive_terms_upper,yhat
0,1990-12-31,3707135.1330241645,112026042.37114029,115012795.01502016,3707135.1330241645,3707135.1330241645,29.635369513285873,29.635369513285873,29.635369513285873,29.635369513285873,29.635369513285873,29.635369513285873,0.0,0.0,0.0,113569454.63587946
1,1991-12-31,3730403.4104389963,112932771.42176655,115756260.12015285,3730403.4104389963,3730403.4104389963,29.63520570574528,29.63520570574528,29.63520570574528,29.63520570574528,29.63520570574528,29.63520570574528,0.0,0.0,0.0,114281675.84421238
2,1992-12-30,3753671.681993372,113558118.34208488,116294751.45594919,3753671.681993372,3753671.681993372,29.615372742246876,29.615372742246876,29.615372742246876,29.615372742246876,29.615372742246876,29.615372742246876,0.0,0.0,0.0,114920057.69624385
3,1993-12-31,3709805.391142775,112182470.02522409,115082522.48062186,3709805.391142775,3709805.391142775,29.61586392186235,29.61586392186235,29.61586392186235,29.61586392186235,29.61586392186235,29.61586392186235,0.0,0.0,0.0,113578897.03181852
4,1994-12-31,3799331.7831133245,114975420.87924977,117903746.58450563,3799331.7831133245,3799331.7831133245,29.63536951328589,29.63536951328589,29.63536951328589,29.63536951328589,29.63536951328589,29.63536951328589,0.0,0.0,0.0,116393933.07924807
5,1995-12-31,3858405.5637968145,116651356.57084456,119629932.83464798,3858405.5637968145,3858405.5637968145,29.635205705745282,29.635205705745282,29.635205705745282,29.635205705745282,29.635205705745282,29.635205705745282,0.0,0.0,0.0,118203048.14310752
6,1996-12-30,3941664.624640957,119126067.27203423,122197620.3935315,3941664.624640957,3941664.624640957,29.615372742246933,29.615372742246933,29.615372742246933,29.615372742246933,29.615372742246933,29.615372742246933,0.0,0.0,0.0,120675531.70831174
7,1997-12-31,3943884.3387410846,119257322.26710056,122384387.97165534,3943884.3387410846,3943884.3387410846,29.615863921862395,29.615863921862395,29.615863921862395,29.615863921862395,29.615863921862395,29.615863921862395,0.0,0.0,0.0,120745426.2384613
8,1998-12-31,3912001.6541048735,118385547.97142419,121282974.49338254,3912001.6541048735,3912001.6541048735,29.635369513285895,29.635369513285895,29.635369513285895,29.635369513285895,29.635369513285895,29.635369513285895,0.0,0.0,0.0,119845616.21008843
9,1999-12-31,3878578.4870241876,117373339.3286219,120338562.00082347,3878578.4870241876,3878578.4870241876,29.635205705745246,29.635205705745246,29.635205705745246,29.635205705745246,29.635205705745246,29.635205705745246,0.0,0.0,0.0,118821049.79586415
10,2000-12-30,4005984.5615016418,121292387.69454741,124019924.8970903,4005984.5615016418,4005984.5615016418,29.615372742247047,29.615372742247047,29.615372742247047,29.615372742247047,29.615372742247047,29.615372742247047,0.0,0.0,0.0,122644710.55005985
11,2001-12-31,4029631.8817459554,121952377.71085025,124850653.55486046,4029631.8817459554,4029631.8817459554,29.615863921862164,29.615863921862164,29.615863921862164,29.615863921862164,29.615863921862164,29.615863921862164,0.0,0.0,0.0,123370661.34673154
12,2002-12-31,4053214.5889716195,122722831.09507833,125765342.61741029,4053214.5889716195,4053214.5889716195,29.635369513285788,29.635369513285788,29.635369513285788,29.635369513285788,29.635369513285788,29.635369513285788,0.0,0.0,0.0,124171726.64978634
13,2003-12-31,3947052.340430291,119475860.97819826,122341968.02457556,3947052.340430291,3947052.340430291,29.635205705745353,29.635205705745353,29.635205705745353,29.635205705745353,29.635205705745353,29.635205705745353,0.0,0.0,0.0,120918760.3804256
14,2004-12-30,3930303.6291605947,118853026.64449006,121763440.61983106,3930303.6291605947,3930303.6291605947,29.615372742246816,29.615372742246816,29.615372742246816,29.615372742246816,29.615372742246816,29.615372742246816,0.0,0.0,0.0,120327710.59695701
15,2005-12-31,3913509.036545788,118501254.12320419,121261748.67931262,3913509.036545788,3913509.036545788,29.615863921862356,29.615863921862356,29.615863921862356,29.615863921862356,29.615863921862356,29.615863921862356,0.0,0.0,0.0,119815460.1198645
16,2006-12-31,3798757.9589111074,114926859.15635997,117793812.61413945,3798757.9589111074,3798757.9589111074,29.635369513285923,29.635369513285923,29.635369513285923,29.635369513285923,29.635369513285923,29.635369513285923,0.0,0.0,0.0,116376353.7627776
17,2007-12-31,3731137.5512264795,112827709.471376,115823980.66701345,3731137.55122648,3731137.55122648,29.635205705745282,29.635205705745282,29.635205705745282,29.635205705745282,29.635205705745282,29.635205705745282,0.0,0.0,0.0,114304166.39825392
18,2008-12-30,3677992.7278811107,111141176.00425509,114063927.07070309,3677992.7278811107,3677992.7278811107,29.615372742246834,29.615372742246834,29.615372742246834,29.615372742246834,29.615372742246834,29.615372742246834,0.0,0.0,0.0,112603118.30735344
19,2009-12-31,3624702.295027746,109486709.26171952,112484503.49405423,3624702.295027746,3624702.295027746,29.615863921862363,29.615863921862363,29.615863921862363,29.615863921862363,29.615863921862363,29.615863921862363,0.0,0.0,0.0,110973392.22183168
20,2010-12-31,3673750.2662604684,111073421.26528324,114020941.8152246,3673750.2662604684,3673750.2662604684,29.635369513285916,29.635369513285916,29.635369513285916,29.635369513285916,29.635369513285916,29.635369513285916,0.0,0.0,0.0,112546696.90642197
21,2011-12-31,3749216.9309157645,113489507.46662392,116284520.32258621,3749216.9309157645,3749216.9309157645,29.635205705745303,29.635205705745303,29.635205705745303,29.635205705745303,29.635205705745303,29.635205705745303,0.0,0.0,0.0,114858031.91406752
22,2012-12-30,3677286.2708700304,111103948.31502366,114037001.6855713,3677286.2708700304,3677286.2708700304,29.61537274224684,29.61537274224684,29.61537274224684,29.61537274224684,29.61537274224684,29.61537274224684,0.0,0.0,0.0,112581489.86263286
23,2013-12-31,3697583.4268657835,111694649.84809889,114671889.96831413,3697583.4268657835,3697583.4268657835,29.615863921862413,29.615863921862413,29.615863921862413,29.615863921862413,29.615863921862413,29.615863921862413,0.0,0.0,0.0,113204711.03665653
24,2014-12-31,3717825.1261511655,112337714.11228125,115420782.09354766,3717825.1261511655,3717825.1261511655,29.635369513285866,29.635369513285866,29.635369513285866,29.635369513285866,29.635369513285866,29.635369513285866,0.0,0.0,0.0,113896946.5254196
25,2015-12-31,3738066.8254365474,113086288.52840003,115899518.73800184,3738066.8254365474,3738066.8254365474,29.635205705745225,29.635205705745225,29.635205705745225,29.635205705745225,29.635205705745225,29.635205705745225,0.0,0.0,0.0,114516446.13907066
26,2016-12-30,3758308.52472193,113626737.281186,116575912.97979827,3758308.52472193,3758308.52472193,29.615372742246766,29.615372742246766,29.615372742246766,29.615372742246766,29.615372742246766,29.615372742246766,0.0,0.0,0.0,115062016.36472543
27,2017-12-31,3778605.680717683,114289989.00359565,117129800.9759226,3778605.680717683,3778605.680717683,29.615863921862395,29.615863921862395,29.615863921862395,29.615863921862395,29.615863921862395,29.615863921862395,0.0,0.0,0.0,115685277.3352288
28,2018-12-31,3798847.380003065,114874218.46230052,117766784.81524304,3798847.380003065,3798847.380003065,29.635369513285873,29.635369513285873,29.635369513285873,29.635369513285873,29.635369513285873,29.635369513285873,0.0,0.0,0.0,116379093.2109718
29,2019-12-31,3819089.079288447,113865523.94058605,119974489.98120116,3718275.1916443747,3911951.7498472054,29.63520570574528,29.63520570574528,29.63520570574528,29.63520570574528,29.63520570574528,29.63520570574528,0.0,0.0,0.0,116998579.5525669
30,2020-12-31,3839386.2352842,108785834.72229195,125084178.55895847,3545388.5500820167,4081798.2632414675,29.576711838462522,29.576711838462522,29.576711838462522,29.576711838462522,29.576711838462522,29.576711838462522,0.0,0.0,0.0,117395806.55284445
31,2021-12-31,3859627.9345695823,101664991.79547678,131936231.85124609,3337692.268219449,4323284.89548044,29.615863921862516,29.615863921862516,29.615863921862516,29.615863921862516,29.615863921862516,29.615863921862516,0.0,0.0,0.0,118165843.63380161
32,2022-12-31,3879869.6338549647,93703162.38872913,141504267.09991825,3075802.730297461,4609127.927276752,29.635369513285873,29.635369513285873,29.635369513285873,29.635369513285873,29.635369513285873,29.635369513285873,0.0,0.0,0.0,118861239.89652401
33,2023-12-31,3900111.3331403467,83111206.8647013,151451565.8579016,2726802.930927049,4951043.910651735,29.635205705745257,29.635205705745257,29.635205705745257,29.635205705745257,29.635205705745257,29.635205705745257,0.0,0.0,0.0,119480712.96606289
34,2024-12-31,3920408.4891361,74429266.88089485,163117309.61279213,2402592.46385388,5331646.079837166,29.576711838462288,29.576711838462288,29.576711838462288,29.576711838462288,29.576711838462288,29.576711838462288,0.0,0.0,0.0,119873200.66137584
35,2025-12-31,3940650.188421482,62624884.01259195,175875755.44006246,2077756.1595815376,5726055.164842497,29.615863921862406,29.615863921862406,29.615863921862406,29.615863921862406,29.615863921862406,29.615863921862406,0.0,0.0,0.0,120646409.93237355
36,2026-12-31,3960891.8877068637,51448181.42638178,188040043.28456262,1682370.924945434,6157762.761835842,29.63536951328588,29.63536951328588,29.63536951328588,29.63536951328588,29.63536951328588,29.63536951328588,0.0,0.0,0.0,121343386.5820762
37,2027-12-31,3981133.586992246,40433269.70119543,201014975.65091193,1328758.0229997518,6571092.046645087,29.63520570574523,29.63520570574523,29.63520570574523,29.63520570574523,29.63520570574523,29.63520570574523,0.0,0.0,0.0,121962846.37955883
38,2028-12-31,4001430.742987999,27617766.886202157,213054730.43424094,905669.3107117343,6937574.813142515,29.57671183846222,29.57671183846222,29.57671183846222,29.57671183846222,29.57671183846222,29.57671183846222,0.0,0.0,0.0,122350594.76990783
39,2029-12-31,4021672.4422733816,16545521.510260036,225835746.28547132,512662.68842806126,7353306.699848518,29.615863921862676,29.615863921862676,29.615863921862676,29.615863921862676,29.615863921862676,29.615863921862676,0.0,0.0,0.0,123126976.23094697
40,2030-12-31,4041914.1415587636,6401358.219394796,238039345.02326363,236515.95104926257,7752327.210664989,29.635369513285745,29.635369513285745,29.635369513285745,29.635369513285745,29.635369513285745,29.635369513285745,0.0,0.0,0.0,123825533.26762787
41,2031-12-31,4062155.840844146,-5115473.138306749,251225355.3316799,-137780.26346983682,8214634.620730273,29.635205705745374,29.635205705745374,29.635205705745374,29.635205705745374,29.635205705745374,29.635205705745374,0.0,0.0,0.0,124444979.79305547
42,2032-12-31,4082452.996839899,-20530283.83799377,266403410.87715825,-688103.363502117,8726888.303496279,29.576711838461776,29.576711838461776,29.576711838461776,29.576711838461776,29.576711838461776,29.576711838461776,0.0,0.0,0.0,124827988.8784383
43,2033-12-31,4102694.6961252806,-41319581.18703049,283776661.8302134,-1368087.0722258252,9281965.685450753,29.615863921861845,29.615863921861845,29.615863921861845,29.615863921861845,29.615863921861845,29.615863921861845,0.0,0.0,0.0,125607542.52951592
44,2034-12-31,4122936.395410663,-58635533.43917733,304340234.43986875,-1909026.7233246833,9926658.271606676,29.635369513285784,29.635369513285784,29.635369513285784,29.635369513285784,29.635369513285784,29.635369513285784,0.0,0.0,0.0,126307679.95318021
