,ds,trend,yhat_lower,yhat_upper,trend_lower,trend_upper,multiplicative_terms,multiplicative_terms_lower,multiplicative_terms_upper,yearly,yearly_lower,yearly_upper,additive_terms,additive_terms_lower,additive_terms_upper,yhat
0,1990-12-31,39273898.046196215,917539197.4904841,961708915.4259897,39273898.046196215,39273898.046196215,22.912985959875844,22.912985959875844,22.912985959875844,22.912985959875844,22.912985959875844,22.912985959875844,0.0,0.0,0.0,939156172.5682855
1,1991-12-31,40542571.15728936,950829030.0540549,993078486.810582,40542571.15728936,40542571.15728936,22.957018265169364,22.957018265169364,22.957018265169364,22.957018265169364,22.957018265169364,22.957018265169364,0.0,0.0,0.0,971279117.7321099
2,1992-12-30,41240663.72305854,966082807.9203832,1009388849.4089894,41240663.72305854,41240663.72305854,22.986119133936256,22.986119133936256,22.986119133936256,22.986119133936256,22.986119133936256,22.986119133936256,0.0,0.0,0.0,989203473.2238852
3,1993-12-31,41941348.376687996,979927950.3759422,1021718646.0001531,41941348.376687996,41941348.376687996,22.854075840637297,22.854075840637297,22.854075840637297,22.854075840637297,22.854075840637297,22.854075840637297,0.0,0.0,0.0,1000472105.0361054
4,1994-12-31,42640118.60959934,998064120.8800893,1041802603.2660372,42640118.60959934,42640118.60959934,22.912985959875936,22.912985959875936,22.912985959875936,22.912985959875936,22.912985959875936,22.912985959875936,0.0,0.0,0.0,1019652557.6387936
5,1995-12-31,43702443.13242599,1025094920.7891284,1068503141.2172663,43702443.13242599,43702443.13242599,22.957018265169353,22.957018265169353,22.957018265169353,22.957018265169353,22.957018265169353,22.957018265169353,0.0,0.0,0.0,1046980228.3560544
6,1996-12-30,45300181.960640535,1066677676.3371971,1106689823.883045,45300181.960640535,45300181.960640535,22.98611913393621,22.98611913393621,22.98611913393621,22.98611913393621,22.98611913393621,22.98611913393621,0.0,0.0,0.0,1086575561.296912
7,1997-12-31,46150150.45579368,1077889743.1390147,1122888569.0858889,46150150.45579368,46150150.45579368,22.854075840637407,22.854075840637407,22.854075840637407,22.854075840637407,22.854075840637407,22.854075840637407,0.0,0.0,0.0,1100869189.0293293
8,1998-12-31,47225996.52409892,1107714468.9032784,1149862992.779469,47225996.52409892,47225996.52409892,22.912985959875943,22.912985959875943,22.912985959875943,22.912985959875943,22.912985959875943,22.912985959875943,0.0,0.0,0.0,1129314591.8219275
9,1999-12-31,48315818.15261185,1134136161.5594661,1178612458.7209985,48315818.15261185,48315818.15261185,22.957018265169488,22.957018265169488,22.957018265169488,22.957018265169488,22.957018265169488,22.957018265169488,0.0,0.0,0.0,1157502937.9787297
10,2000-12-30,49804365.353829496,1174249524.1789627,1216152631.3969693,49804365.353829496,49804365.353829496,22.986119133936125,22.986119133936125,22.986119133936125,22.986119133936125,22.986119133936125,22.986119133936125,0.0,0.0,0.0,1194613440.767035
11,2001-12-31,51485309.523899235,1206473106.674586,1249309852.0111055,51485309.523899235,51485309.523899235,22.854075840636877,22.854075840636877,22.854075840636877,22.854075840636877,22.854075840636877,22.854075840636877,0.0,0.0,0.0,1228134478.0617564
12,2002-12-31,52944260.99901876,1242793600.5540755,1288823326.5250459,52944260.99901876,52944260.99901876,22.912985959875392,22.912985959875392,22.912985959875392,22.912985959875392,22.912985959875392,22.912985959875392,0.0,0.0,0.0,1266055369.925514
13,2003-12-31,54436019.46308563,1282588396.6060464,1325618602.6177728,54436019.46308563,54436019.46308563,22.957018265169097,22.957018265169097,22.957018265169097,22.957018265169097,22.957018265169097,22.957018265169097,0.0,0.0,0.0,1304124712.560243
14,2004-12-30,55844936.304111265,1318434090.486906,1361899754.7131748,55844936.304111265,55844936.304111265,22.986119133936292,22.986119133936292,22.986119133936292,22.986119133936292,22.986119133936292,22.986119133936292,0.0,0.0,0.0,1339503295.2174966
15,2005-12-31,57257713.36495091,1342652671.1630378,1386789728.1141102,57257713.36495091,57257713.36495091,22.854075840637307,22.854075840637307,22.854075840637307,22.854075840637307,22.854075840637307,22.854075840637307,0.0,0.0,0.0,1365829837.0690114
16,2006-12-31,58889238.74763313,1386576819.9883542,1429561877.406047,58889238.74763313,58889238.74763313,22.912985959876135,22.912985959876135,22.912985959876135,22.912985959876135,22.912985959876135,22.912985959876135,0.0,0.0,0.0,1408217539.3599446
17,2007-12-31,59616777.03368954,1406528297.3958654,1450777204.1256728,59616777.03368954,59616777.03368954,22.957018265169356,22.957018265169356,22.957018265169356,22.957018265169356,22.957018265169356,22.957018265169356,0.0,0.0,0.0,1428240216.3066294
18,2008-12-30,60800701.597036324,1435544817.844789,1479205338.9712944,60800701.597036324,60800701.597036324,22.98611913393628,22.98611913393628,22.98611913393628,22.98611913393628,22.98611913393628,22.98611913393628,0.0,0.0,0.0,1458372871.9334233
19,2009-12-31,61987869.9384977,1458330657.028164,1500437407.922624,61987869.9384977,61987869.9384977,22.854075840637318,22.854075840637318,22.854075840637318,22.854075840637318,22.854075840637318,22.854075840637318,0.0,0.0,0.0,1478663350.7124863
20,2010-12-31,63646141.16443191,1500138648.6845417,1544359083.1536512,63646141.16443191,63646141.16443191,22.912985959876078,22.912985959876078,22.912985959876078,22.912985959876078,22.912985959876078,22.912985959876078,0.0,0.0,0.0,1521969280.065351
21,2011-12-31,61996514.92724517,1464539156.3364499,1506817511.2601056,61996514.92724517,61996514.92724517,22.95701826516928,22.95701826516928,22.95701826516928,22.95701826516928,22.95701826516928,22.95701826516928,0.0,0.0,0.0,1485251640.4888523
22,2012-12-30,62038408.85323672,1465366287.1674423,1509650157.1365244,62038408.85323672,62038408.85323672,22.986119133936285,22.986119133936285,22.986119133936285,22.986119133936285,22.986119133936285,22.986119133936285,0.0,0.0,0.0,1488060665.6335835
23,2013-12-31,62133423.0006365,1460885248.0908551,1504233841.6630213,62133423.0006365,62133423.0006365,22.854075840637442,22.854075840637442,22.854075840637442,22.854075840637442,22.854075840637442,22.854075840637442,0.0,0.0,0.0,1482135384.49559
24,2014-12-31,62228177.54654066,1466039707.2991898,1507588793.9870808,62228177.54654066,62228177.54654066,22.91298595987582,22.91298595987582,22.91298595987582,22.91298595987582,22.91298595987582,22.91298595987582,0.0,0.0,0.0,1488061535.9790866
25,2015-12-31,62322932.09244482,1470462508.6831005,1515183955.3697069,62322932.09244482,62322932.09244482,22.95701826516958,22.95701826516958,22.95701826516958,22.95701826516958,22.95701826516958,22.95701826516958,0.0,0.0,0.0,1493071622.477624
26,2016-12-30,62417686.63834899,1475748420.7709553,1518761672.928741,62417686.638349,62417686.638349,22.986119133936324,22.986119133936324,22.986119133936324,22.986119133936324,22.986119133936324,22.986119133936324,0.0,0.0,0.0,1497158067.7721443
27,2017-12-31,62512700.78574877,1470182654.3577952,1512707330.140742,62512700.78574877,62512700.78574877,22.854075840637403,22.854075840637403,22.854075840637403,22.854075840637403,22.854075840637403,22.854075840637403,0.0,0.0,0.0,1491182705.5463245
28,2018-12-31,62607455.33165294,1476327206.630666,1519720321.0860205,62607455.33165294,62607455.33165294,22.912985959875833,22.912985959875833,22.912985959875833,22.912985959875833,22.912985959875833,22.912985959875833,0.0,0.0,0.0,1497131200.32937
29,2019-12-31,62702209.87755709,1478324753.7498002,1529890777.0646045,62070341.060508646,63492405.97441234,22.95701826516936,22.95701826516936,22.95701826516936,22.95701826516936,22.95701826516936,22.95701826516936,0.0,0.0,0.0,1502157987.303118
30,2020-12-31,62797224.02495689,1442604317.7259476,1551984371.4877467,60830549.04922454,65120563.720424145,22.780358846634325,22.780358846634325,22.780358846634325,22.780358846634325,22.780358846634325,22.780358846634325,0.0,0.0,0.0,1493340521.885961
31,2021-12-31,62891978.57086104,1411878799.6632798,1599297913.1530635,59309079.67427651,67095660.25147794,22.854075840637684,22.854075840637684,22.854075840637684,22.854075840637684,22.854075840637684,22.854075840637684,0.0,0.0,0.0,1500230026.5970793
32,2022-12-31,62986733.11676521,1377475046.4534845,1662284717.914866,57720988.40687766,69437625.2154754,22.912985959875833,22.912985959875833,22.912985959875833,22.912985959875833,22.912985959875833,22.912985959875833,0.0,0.0,0.0,1506200864.6796527
33,2023-12-31,63081487.66266936,1327518140.640585,1727182046.7763164,55607210.94566761,72035420.89502616,22.95701826516945,22.95701826516945,22.95701826516945,22.95701826516945,22.95701826516945,22.95701826516945,0.0,0.0,0.0,1511244352.128631
34,2024-12-31,63176501.81006916,1271716144.5563405,1765159414.4820135,53597882.487610824,74617390.58149534,22.78035884663393,22.78035884663393,22.78035884663393,22.78035884663393,22.78035884663393,22.78035884663393,0.0,0.0,0.0,1502359883.7184627
35,2025-12-31,63271256.35597331,1212707004.32018,1833039944.44224,50900620.56699064,76900089.19813348,22.854075840637428,22.854075840637428,22.854075840637428,22.854075840637428,22.854075840637428,22.854075840637428,0.0,0.0,0.0,1509277347.6478002
36,2026-12-31,63366010.90187748,1147937647.706773,1897701694.2060282,48196350.920277126,79721067.39449237,22.912985959875854,22.912985959875854,22.912985959875854,22.912985959875854,22.912985959875854,22.912985959875854,0.0,0.0,0.0,1515270529.0299366
37,2027-12-31,63460765.44778164,1082830329.154711,1976339534.6576786,45550933.48179531,82362742.97503029,22.957018265169552,22.957018265169552,22.957018265169552,22.957018265169552,22.957018265169552,22.957018265169552,0.0,0.0,0.0,1520330716.9541454
38,2028-12-31,63555779.59518143,1001407170.2205161,2038238392.107465,42197715.42645741,85445470.75592783,22.780358846633824,22.780358846633824,22.780358846633824,22.780358846633824,22.780358846633824,22.780358846633824,0.0,0.0,0.0,1511379245.5509822
39,2029-12-31,63650534.14108559,919678376.2313051,2126691200.7937052,38674950.6607685,88699136.99703151,22.854075840638032,22.854075840638032,22.854075840638032,22.854075840638032,22.854075840638032,22.854075840638032,0.0,0.0,0.0,1518324668.698576
40,2030-12-31,63745288.68698975,859131826.5894381,2222251191.86546,36123843.52009359,92937117.8480657,22.91298595987519,22.91298595987519,22.91298595987519,22.91298595987519,22.91298595987519,22.91298595987519,0.0,0.0,0.0,1524340193.3801765
41,2031-12-31,63840043.23289391,804691341.2837659,2290933748.9763346,33400988.342733793,96322379.8945272,22.957018265169005,22.957018265169005,22.957018265169005,22.957018265169005,22.957018265169005,22.957018265169005,0.0,0.0,0.0,1529417081.7796183
42,2032-12-31,63935057.3802937,697133565.2206457,2367925460.1638227,28963407.253202323,99729515.4635075,22.780358846633092,22.780358846633092,22.780358846633092,22.780358846633092,22.780358846633092,22.780358846633092,0.0,0.0,0.0,1520398607.3834615
43,2033-12-31,64029811.92619786,610520630.0242751,2506843350.4901233,25487162.535233613,104605269.61134054,22.854075840636163,22.854075840636163,22.854075840636163,22.854075840636163,22.854075840636163,22.854075840636163,0.0,0.0,0.0,1527371989.7491937
44,2034-12-31,64124566.47210202,544624720.6787648,2600301720.7279406,22535548.874051,109354716.5235506,22.91298595987536,22.91298595987536,22.91298595987536,22.91298595987536,22.91298595987536,22.91298595987536,0.0,0.0,0.0,1533409857.73047
