,ds,trend,yhat_lower,yhat_upper,trend_lower,trend_upper,multiplicative_terms,multiplicative_terms_lower,multiplicative_terms_upper,yearly,yearly_lower,yearly_upper,additive_terms,additive_terms_lower,additive_terms_upper,yhat
0,1990-12-31,88929726.59803793,38555380.924389504,73316608.47654073,88929726.59803793,88929726.59803793,-0.3656985931306187,-0.3656985931306187,-0.3656985931306187,-0.3656985931306187,-0.3656985931306187,-0.3656985931306187,0.0,0.0,0.0,56408250.693644896
1,1991-12-31,90694543.55832377,40385284.96791114,75313877.72651309,90694543.55832377,90694543.55832377,-0.3639202661188665,-0.3639202661188665,-0.3639202661188665,-0.3639202661188665,-0.3639202661188665,-0.3639202661188665,0.0,0.0,0.0,57688961.131049454
2,1992-12-30,92459360.51871487,41162118.50869182,76133314.64516753,92459360.51871487,92459360.51871487,-0.3631779723070099,-0.3631779723070099,-0.3631779723070099,-0.3631779723070099,-0.3631779723070099,-0.3631779723070099,0.0,0.0,0.0,58880157.4447252
3,1993-12-31,94229012.59402879,42401076.794974804,77300974.330244,94229012.59402879,94229012.59402879,-0.3685108052092536,-0.3685108052092536,-0.3685108052092536,-0.3685108052092536,-0.3685108052092536,-0.3685108052092536,0.0,0.0,0.0,59504603.28893034
4,1994-12-31,95993829.55455834,43539594.92591578,78636399.96937217,95993829.55455834,95993829.55455834,-0.36569859313061404,-0.36569859313061404,-0.36569859313061404,-0.36569859313061404,-0.36569859313061404,-0.36569859313061404,0.0,0.0,0.0,60889021.137236394
5,1995-12-31,97758646.51560953,43886955.8852076,79904202.96463357,97758646.51560953,97758646.51560953,-0.3639202661188672,-0.3639202661188672,-0.3639202661188672,-0.3639202661188672,-0.3639202661188672,-0.3639202661188672,0.0,0.0,0.0,62182293.86022864
6,1996-12-30,99523463.47705849,47217206.649274,80905165.50760646,99523463.47705849,99523463.47705849,-0.36317797230701065,-0.36317797230701065,-0.36317797230701065,-0.36317797230701065,-0.36317797230701065,-0.36317797230701065,0.0,0.0,0.0,63378733.81448955
7,1997-12-31,101293115.553806,44457749.47223179,80714814.24222475,101293115.553806,101293115.553806,-0.3685108052092487,-0.3685108052092487,-0.3685108052092487,-0.3685108052092487,-0.3685108052092487,-0.3685108052092487,0.0,0.0,0.0,63965507.978919476
8,1998-12-31,103057932.51592477,48731684.14278624,82591044.84906563,103057932.51592477,103057932.51592477,-0.36569859313061337,-0.36569859313061337,-0.36569859313061337,-0.36569859313061337,-0.36569859313061337,-0.36569859313061337,0.0,0.0,0.0,65369791.58390138
9,1999-12-31,104822749.47820242,48510073.542297535,85072162.95192385,104822749.47820242,104822749.47820242,-0.36392026611886297,-0.36392026611886297,-0.36392026611886297,-0.36392026611886297,-0.36392026611886297,-0.36392026611886297,0.0,0.0,0.0,66675626.59278409
10,2000-12-30,106587566.44079253,50907390.094638176,85539079.58019853,106587566.44079253,106587566.44079253,-0.3631779723070099,-0.3631779723070099,-0.3631779723070099,-0.3631779723070099,-0.3631779723070099,-0.3631779723070099,0.0,0.0,0.0,67877310.1876868
11,2001-12-31,108357218.53123747,50224177.85313298,85413921.13954389,108357218.53123747,108357218.53123747,-0.36851080520927637,-0.36851080520927637,-0.36851080520927637,-0.36851080520927637,-0.36851080520927637,-0.36851080520927637,0.0,0.0,0.0,68426412.68005362
12,2002-12-31,110122035.5064954,51581248.206984386,85757847.67160864,110122035.5064954,110122035.5064954,-0.365698593130638,-0.365698593130638,-0.365698593130638,-0.365698593130638,-0.365698593130638,-0.365698593130638,0.0,0.0,0.0,69850562.04908787
13,2003-12-31,111886852.48212242,53570771.53734597,89004490.67775896,111886852.48212242,111886852.48212242,-0.36392026611887573,-0.36392026611887573,-0.36392026611887573,-0.36392026611887573,-0.36392026611887573,-0.36392026611887573,0.0,0.0,0.0,71168959.35162504
14,2004-12-30,113651669.45794678,55546366.88266262,90609970.39872617,113651669.45794678,113651669.45794678,-0.3631779723070091,-0.3631779723070091,-0.3631779723070091,-0.3631779723070091,-0.3631779723070091,-0.3631779723070091,0.0,0.0,0.0,72375886.59490323
15,2005-12-31,115421321.5489086,55725974.13483527,90299613.8422016,115421321.5489086,115421321.5489086,-0.36851080520925505,-0.36851080520925505,-0.36851080520925505,-0.36851080520925505,-0.36851080520925505,-0.36851080520925505,0.0,0.0,0.0,72887317.40660395
16,2006-12-31,117186138.52545878,56895944.63024111,92144980.35368133,117186138.52545878,117186138.52545878,-0.3656985931306035,-0.3656985931306035,-0.3656985931306035,-0.3656985931306035,-0.3656985931306035,-0.3656985931306035,0.0,0.0,0.0,74331332.53229049
17,2007-12-31,118950955.50241958,58034119.38225445,94683214.57098158,118950955.50241958,118950955.50241958,-0.36392026611886674,-0.36392026611886674,-0.36392026611886674,-0.36392026611886674,-0.36392026611886674,-0.36392026611886674,0.0,0.0,0.0,75662292.12088557
18,2008-12-30,120715772.47966124,59489006.969799675,94300035.87561728,120715772.47966124,120715772.47966124,-0.36317797230700866,-0.36317797230700866,-0.36317797230700866,-0.36317797230700866,-0.36317797230700866,-0.36317797230700866,0.0,0.0,0.0,76874463.00502367
19,2009-12-31,122485424.57223903,59393606.23719467,95037594.6285871,122485424.57223903,122485424.57223903,-0.3685108052092547,-0.3685108052092547,-0.3685108052092547,-0.3685108052092547,-0.3685108052092547,-0.3685108052092547,0.0,0.0,0.0,77348222.13672578
20,2010-12-31,124250241.54962459,62303893.50693986,95998330.77918644,124250241.54962459,124250241.54962459,-0.3656985931306064,-0.3656985931306064,-0.3656985931306064,-0.3656985931306064,-0.3656985931306064,-0.3656985931306064,0.0,0.0,0.0,78812103.01878886
21,2011-12-31,126015058.52724011,62895660.04619275,98390276.29385675,126015058.52724011,126015058.52724011,-0.36392026611886963,-0.36392026611886963,-0.36392026611886963,-0.36392026611886963,-0.36392026611886963,-0.36392026611886963,0.0,0.0,0.0,80155624.89302196
22,2012-12-30,127779875.50502147,63370070.74335274,98459669.8677539,127779875.50502147,127779875.50502147,-0.3631779723070112,-0.3631779723070112,-0.3631779723070112,-0.3631779723070112,-0.3631779723070112,-0.3631779723070112,0.0,0.0,0.0,81373039.41746545
23,2013-12-31,129549527.59772031,63909351.08315217,98201995.57333893,129549527.59772031,129549527.59772031,-0.3685108052092455,-0.3685108052092455,-0.3685108052092455,-0.3685108052092455,-0.3685108052092455,-0.3685108052092455,0.0,0.0,0.0,81809126.86820702
24,2014-12-31,131314344.57541177,65970498.42031765,100384449.52467296,131314344.57541177,131314344.57541177,-0.3656985931306196,-0.3656985931306196,-0.3656985931306196,-0.3656985931306196,-0.3656985931306196,-0.3656985931306196,0.0,0.0,0.0,83292873.50631428
25,2015-12-31,133079161.55310322,66844483.21351049,102301108.09905493,133079161.55310322,133079161.55310322,-0.3639202661188602,-0.3639202661188602,-0.3639202661188602,-0.3639202661188602,-0.3639202661188602,-0.3639202661188602,0.0,0.0,0.0,84648957.66582312
26,2016-12-30,134843978.53079468,68773399.09327027,103287849.05261825,134843978.53079468,134843978.53079468,-0.3631779723070052,-0.3631779723070052,-0.3631779723070052,-0.3631779723070052,-0.3631779723070052,-0.3631779723070052,0.0,0.0,0.0,85871615.83017132
27,2017-12-31,136613630.6234935,67918039.47512098,105477646.49343063,136613630.6234935,136613630.6234935,-0.3685108052092493,-0.3685108052092493,-0.3685108052092493,-0.3685108052092493,-0.3685108052092493,-0.3685108052092493,0.0,0.0,0.0,86270031.59987095
28,2018-12-31,138378447.60118496,69869969.10947016,105079507.87200257,138378447.60118496,138378447.60118496,-0.3656985931306196,-0.3656985931306196,-0.3656985931306196,-0.3656985931306196,-0.3656985931306196,-0.3656985931306196,0.0,0.0,0.0,87773643.99383247
29,2019-12-31,140143264.57887644,72281210.32099162,106526810.59832574,140143264.52588317,140143264.63209835,-0.36392026611886596,-0.36392026611886596,-0.36392026611886596,-0.36392026611886596,-0.36392026611886596,-0.36392026611886596,0.0,0.0,0.0,89142290.43856508
30,2020-12-31,141912916.67157525,71010821.50867796,107200076.38381012,141912916.5095044,141912916.82801104,-0.37235278694285523,-0.37235278694285523,-0.37235278694285523,-0.37235278694285523,-0.37235278694285523,-0.37235278694285523,0.0,0.0,0.0,89071246.64572503
31,2021-12-31,143677733.6492667,74357957.84055258,109684169.92340286,143677733.35993057,143677733.9301856,-0.36851080520922874,-0.36851080520922874,-0.36851080520922874,-0.36851080520922874,-0.36851080520922874,-0.36851080520922874,0.0,0.0,0.0,90730936.33153832
32,2022-12-31,145442550.62695816,76426465.74145119,110633003.66804577,145442550.21269938,145442551.0575911,-0.3656985931306178,-0.3656985931306178,-0.3656985931306178,-0.3656985931306178,-0.3656985931306178,-0.3656985931306178,0.0,0.0,0.0,92254414.48135091
33,2023-12-31,147207367.60464963,77177874.38446026,110604056.04124507,147207367.03978065,147207368.2023006,-0.36392026611886585,-0.36392026611886585,-0.36392026611886585,-0.36392026611886585,-0.36392026611886585,-0.36392026611886585,0.0,0.0,0.0,93635623.21130782
34,2024-12-31,148977019.69734845,75902371.09992401,111445240.03883038,148977018.93954268,148977020.47729784,-0.37235278694288365,-0.37235278694288365,-0.37235278694288365,-0.37235278694288365,-0.37235278694288365,-0.37235278694288365,0.0,0.0,0.0,93505011.22259589
35,2025-12-31,150741836.67503992,78058507.69338359,112626709.80316406,150741835.69984284,150741837.64876753,-0.36851080520924884,-0.36851080520924884,-0.36851080520924884,-0.36851080520924884,-0.36851080520924884,-0.36851080520924884,0.0,0.0,0.0,95191841.06319988
36,2026-12-31,152506653.6527314,78317431.5857826,114483614.33992033,152506652.47454226,152506654.80123588,-0.3656985931306189,-0.3656985931306189,-0.3656985931306189,-0.3656985931306189,-0.3656985931306189,-0.3656985931306189,0.0,0.0,0.0,96735184.96886896
37,2027-12-31,154271470.63042283,79672844.29308796,117221397.3047968,154271469.21817297,154271471.96860936,-0.36392026611886286,-0.36392026611886286,-0.36392026611886286,-0.36392026611886286,-0.36392026611886286,-0.36392026611886286,0.0,0.0,0.0,98128955.98405102
38,2028-12-31,156041122.72312167,80586905.34214908,115769146.79841392,156041121.0288942,156041124.3098645,-0.372352786942878,-0.372352786942878,-0.372352786942878,-0.372352786942878,-0.372352786942878,-0.372352786942878,0.0,0.0,0.0,97938775.79947168
39,2029-12-31,157805939.70081314,80534964.13844529,117429167.10676241,157805937.74236974,157805941.55998036,-0.3685108052092174,-0.3685108052092174,-0.3685108052092174,-0.3685108052092174,-0.3685108052092174,-0.3685108052092174,0.0,0.0,0.0,99652745.79486929
40,2030-12-31,159570756.6785046,84005611.36244977,119503928.6090735,159570754.44022006,159570758.85828853,-0.36569859313064557,-0.36569859313064557,-0.36569859313064557,-0.36569859313064557,-0.36569859313064557,-0.36569859313064557,0.0,0.0,0.0,101215955.4563829
41,2031-12-31,161335573.65619606,85548369.28912982,120566721.6825046,161335571.14464974,161335576.11254597,-0.3639202661188793,-0.3639202661188793,-0.3639202661188793,-0.3639202661188793,-0.3639202661188793,-0.3639202661188793,0.0,0.0,0.0,102622288.75679114
42,2032-12-31,163105225.7488949,83819751.7344132,120842910.15826762,163105222.95931882,163105228.45846727,-0.3723527869429145,-0.3723527869429145,-0.3723527869429145,-0.3723527869429145,-0.3723527869429145,-0.3723527869429145,0.0,0.0,0.0,102372540.37634066
43,2033-12-31,164870042.72658634,86752108.21844569,121479375.73963508,164870039.6695571,164870045.73181358,-0.36851080520930835,-0.36851080520930835,-0.36851080520930835,-0.36851080520930835,-0.36851080520930835,-0.36851080520930835,0.0,0.0,0.0,104113650.52651894
44,2034-12-31,166634859.70427778,89281432.62400185,125377453.4291198,166634856.33319277,166634862.9602734,-0.36569859313064024,-0.36569859313064024,-0.36569859313064024,-0.36569859313064024,-0.36569859313064024,-0.36569859313064024,0.0,0.0,0.0,105696725.94390178
