,ds,trend,yhat_lower,yhat_upper,trend_lower,trend_upper,multiplicative_terms,multiplicative_terms_lower,multiplicative_terms_upper,yearly,yearly_lower,yearly_upper,additive_terms,additive_terms_lower,additive_terms_upper,yhat
0,1990-12-31,12487580.168775767,-3353519.0736349714,35881670.66235044,12487580.168775767,12487580.168775767,0.3650153679788302,0.3650153679788302,0.3650153679788302,0.3650153679788302,0.3650153679788302,0.3650153679788302,0.0,0.0,0.0,17045738.839246597
1,1991-12-31,12722222.834732398,180528.33087838438,36116832.74804877,12722222.834732398,12722222.834732398,0.374731955706077,0.374731955706077,0.374731955706077,0.374731955706077,0.374731955706077,0.374731955706077,0.0,0.0,0.0,17489646.27852018
2,1992-12-30,12956865.500424571,449831.3040197247,37462624.7407873,12956865.500424571,12956865.500424571,0.38414688740217756,0.38414688740217756,0.38414688740217756,0.38414688740217756,0.38414688740217756,0.38414688740217756,0.0,0.0,0.0,17934205.052901328
3,1993-12-31,13192151.022666223,271007.26740322105,36599941.50105562,13192151.022666223,13192151.022666223,0.35500895476092764,0.35500895476092764,0.35500895476092764,0.35500895476092764,0.35500895476092764,0.35500895476092764,0.0,0.0,0.0,17875482.768271264
4,1994-12-31,13426793.68855209,-643892.8899934021,37493731.27855083,13426793.68855209,13426793.68855209,0.36501536797884837,0.36501536797884837,0.36501536797884837,0.36501536797884837,0.36501536797884837,0.36501536797884837,0.0,0.0,0.0,18327779.72755501
5,1995-12-31,13661436.354670865,494927.57854148047,39235737.645850785,13661436.354670865,13661436.354670865,0.3747319557060736,0.3747319557060736,0.3747319557060736,0.3747319557060736,0.3747319557060736,0.3747319557060736,0.0,0.0,0.0,18780813.11761073
6,1996-12-30,13896079.020792555,125915.67760464284,37905898.396902844,13896079.020792555,13896079.020792555,0.3841468874021584,0.3841468874021584,0.3841468874021584,0.3841468874021584,0.3841468874021584,0.3841468874021584,0.0,0.0,0.0,19234214.523724448
7,1997-12-31,14131364.54343552,1290114.4230637674,37366574.641034864,14131364.54343552,14131364.54343552,0.35500895476094385,0.35500895476094385,0.35500895476094385,0.35500895476094385,0.35500895476094385,0.35500895476094385,0.0,0.0,0.0,19148125.499346428
8,1998-12-31,14366007.209726846,-737996.1029920548,38660431.54654503,14366007.209726846,14366007.209726846,0.36501536797885004,0.36501536797885004,0.36501536797885004,0.36501536797885004,0.36501536797885004,0.36501536797885004,0.0,0.0,0.0,19609820.617772106
9,1999-12-31,14600649.87610058,2049668.0389413356,38583255.21988915,14600649.87610058,14600649.87610058,0.37473195570610973,0.37473195570610973,0.37473195570610973,0.37473195570610973,0.37473195570610973,0.37473195570610973,0.0,0.0,0.0,20071979.958751917
10,2000-12-30,14835292.542354573,1943848.1926634866,39489331.680931374,14835292.542354573,14835292.542354573,0.384146887402123,0.384146887402123,0.384146887402123,0.384146887402123,0.384146887402123,0.384146887402123,0.0,0.0,0.0,20534223.99620001
11,2001-12-31,15070578.06496858,3091375.0818542074,39157107.299954966,15070578.06496858,15070578.06496858,0.355008954760863,0.355008954760863,0.355008954760863,0.355008954760863,0.355008954760863,0.355008954760863,0.0,0.0,0.0,20420768.231455065
12,2002-12-31,15305220.731099365,753092.7716806233,38443915.91070802,15305220.731099365,15305220.731099365,0.36501536797874423,0.36501536797874423,0.36501536797874423,0.36501536797874423,0.36501536797874423,0.36501536797874423,0.0,0.0,0.0,20891861.508257505
13,2003-12-31,15539863.396947294,2651010.6034403965,39785509.078212276,15539863.396947294,15539863.396947294,0.37473195570600776,0.37473195570600776,0.37473195570600776,0.37473195570600776,0.37473195570600776,0.37473195570600776,0.0,0.0,0.0,21363146.79908956
14,2004-12-30,15774506.062937504,4703225.947251797,40165445.35232584,15774506.062937504,15774506.062937504,0.38414688740219505,0.38414688740219505,0.38414688740219505,0.38414688740219505,0.38414688740219505,0.38414688740219505,0.0,0.0,0.0,21834233.467322003
15,2005-12-31,16009791.585584227,1069509.2385384848,40432621.55666541,16009791.585584227,16009791.585584227,0.3550089547609289,0.3550089547609289,0.3550089547609289,0.3550089547609289,0.3550089547609289,0.3550089547609289,0.0,0.0,0.0,21693410.962322798
16,2006-12-31,16244434.229251694,4749142.939120827,40352575.66531362,16244434.229251694,16244434.229251694,0.36501536797888634,0.36501536797888634,0.36501536797888634,0.36501536797888634,0.36501536797888634,0.36501536797888634,0.0,0.0,0.0,22173902.36705082
17,2007-12-31,16479074.838384895,4366689.963955454,41857031.26333344,16479074.838384895,16479074.838384895,0.37473195570607515,0.37473195570607515,0.37473195570607515,0.37473195570607515,0.37473195570607515,0.37473195570607515,0.0,0.0,0.0,22654310.78079964
18,2008-12-30,16713715.447376657,4616106.485915753,42412014.846361466,16713715.447376657,16713715.447376657,0.38414688740218905,0.38414688740218905,0.38414688740218905,0.38414688740218905,0.38414688740218905,0.38414688740218905,0.0,0.0,0.0,23134237.213412285
19,2009-12-31,16948998.907447524,4656411.516351647,42979512.86371029,16948998.907447524,16948998.907447524,0.35500895476093053,0.35500895476093053,0.35500895476093053,0.35500895476093053,0.35500895476093053,0.35500895476093053,0.0,0.0,0.0,22966045.293824624
20,2010-12-31,17183639.516506378,4119223.3234976334,42150131.485424414,17183639.516506378,17183639.516506378,0.3650153679788758,0.3650153679788758,0.3650153679788758,0.3650153679788758,0.3650153679788758,0.3650153679788758,0.0,0.0,0.0,23455932.017840307
21,2011-12-31,17418280.12547463,3760386.0430348557,43581283.518689126,17418280.12547463,17418280.12547463,0.374731955706055,0.374731955706055,0.374731955706055,0.374731955706055,0.374731955706055,0.374731955706055,0.0,0.0,0.0,23945466.30192965
22,2012-12-30,17652920.734438255,6358225.417585614,42056900.82748366,17652920.734438255,17652920.734438255,0.3841468874021884,0.3841468874021884,0.3841468874021884,0.3841468874021884,0.3841468874021884,0.3841468874021884,0.0,0.0,0.0,24434235.28813027
23,2013-12-31,17888204.194530006,5553097.733222229,43644297.381126955,17888204.194530006,17888204.194530006,0.3550089547609495,0.3550089547609495,0.3550089547609495,0.3550089547609495,0.3550089547609495,0.3550089547609495,0.0,0.0,0.0,24238676.86818054
24,2014-12-31,18122844.8036379,6318090.31311178,43836747.920568965,18122844.8036379,18122844.8036379,0.3650153679788262,0.3650153679788262,0.3650153679788262,0.3650153679788262,0.3650153679788262,0.3650153679788262,0.0,0.0,0.0,24737961.668460947
25,2015-12-31,18357485.412745796,6455060.533643936,44095947.362656325,18357485.412745796,18357485.412745796,0.37473195570613355,0.37473195570613355,0.37473195570613355,0.37473195570613355,0.37473195570613355,0.37473195570613355,0.0,0.0,0.0,25236621.823310845
26,2016-12-30,18592126.02185369,7193262.710896987,43652584.45015036,18592126.02185369,18592126.02185369,0.3841468874022099,0.3841468874022099,0.3841468874022099,0.3841468874022099,0.3841468874022099,0.3841468874022099,0.0,0.0,0.0,25734233.363338415
27,2017-12-31,18827409.481945444,5843378.520513771,45728710.693608634,18827409.481945444,18827409.481945444,0.3550089547609435,0.3550089547609435,0.3550089547609435,0.3550089547609435,0.3550089547609435,0.3550089547609435,0.0,0.0,0.0,25511308.44298717
28,2018-12-31,19062050.091053337,6357978.809025218,45682791.553034455,19062050.091053337,19062050.091053337,0.36501536797882933,0.36501536797882933,0.36501536797882933,0.36501536797882933,0.36501536797882933,0.36501536797882933,0.0,0.0,0.0,26019991.319470048
29,2019-12-31,19296690.700161234,7944461.33947371,45823202.35228628,19296690.532939114,19296690.88706552,0.3747319557060765,0.3747319557060765,0.3747319557060765,0.3747319557060765,0.3747319557060765,0.3747319557060765,0.0,0.0,0.0,26527777.34488791
30,2020-12-31,19531974.16025299,7986460.663389193,44013453.39227101,19531973.72567504,19531974.654804617,0.34472491565999686,0.34472491565999686,0.34472491565999686,0.34472491565999686,0.34472491565999686,0.34472491565999686,0.0,0.0,0.0,26265132.30531944
31,2021-12-31,19766614.769360878,8330581.9331610305,46326116.11804919,19766613.967052016,19766615.68914264,0.35500895476098765,0.35500895476098765,0.35500895476098765,0.35500895476098765,0.35500895476098765,0.35500895476098765,0.0,0.0,0.0,26783940.017794784
32,2022-12-31,20001255.378468774,8596498.408027915,46040307.628146775,20001254.173533298,20001256.803371824,0.36501536797882883,0.36501536797882883,0.36501536797882883,0.36501536797882883,0.36501536797882883,0.36501536797882883,0.0,0.0,0.0,27302020.970479082
33,2023-12-31,20235895.98757667,9094006.199746842,46374397.16247892,20235894.208896186,20235897.97332625,0.37473195570609946,0.37473195570609946,0.37473195570609946,0.37473195570609946,0.37473195570609946,0.37473195570609946,0.0,0.0,0.0,27818932.86646649
34,2024-12-31,20471179.44766842,8972730.937519792,45920507.56485052,20471177.18007913,20471181.988595396,0.3447249156599452,0.3447249156599452,0.3447249156599452,0.3447249156599452,0.3447249156599452,0.3447249156599452,0.0,0.0,0.0,27528105.05622552
35,2025-12-31,20705820.056776315,8200676.240953131,46363060.042797446,20705817.16612768,20705823.197227713,0.35500895476094674,0.35500895476094674,0.35500895476094674,0.35500895476094674,0.35500895476094674,0.35500895476094674,0.0,0.0,0.0,28056571.592600722
36,2026-12-31,20940460.665884208,9182013.18859253,48072910.92711084,20940457.147872232,20940464.407344528,0.36501536797883244,0.36501536797883244,0.36501536797883244,0.36501536797883244,0.36501536797883244,0.36501536797883244,0.0,0.0,0.0,28584050.6214882
37,2027-12-31,21175101.27499211,9980602.783357695,48329424.27285419,21175097.137267727,21175105.644182514,0.37473195570612616,0.37473195570612616,0.37473195570612616,0.37473195570612616,0.37473195570612616,0.37473195570612616,0.0,0.0,0.0,29110088.388045188
38,2028-12-31,21410384.735083856,9654272.045506533,46763712.23558951,21410379.91538714,21410389.72902063,0.34472491565993335,0.34472491565993335,0.34472491565993335,0.34472491565993335,0.34472491565993335,0.34472491565993335,0.0,0.0,0.0,28791077.807132363
39,2029-12-31,21645025.344191752,11428059.890622426,48158836.091937505,21645019.834382873,21645030.926529314,0.35500895476103983,0.35500895476103983,0.35500895476103983,0.35500895476103983,0.35500895476103983,0.35500895476103983,0.0,0.0,0.0,29329203.167409483
40,2030-12-31,21879665.953299645,10141988.024831792,47441486.810590416,21879659.662580978,21879672.070178926,0.36501536797870565,0.36501536797870565,0.36501536797870565,0.36501536797870565,0.36501536797870565,0.36501536797870565,0.0,0.0,0.0,29866080.272494473
41,2031-12-31,22114306.562407542,11610587.986235136,48784692.021354824,22114299.41631791,22114313.48349357,0.3747319557059836,0.3747319557059836,0.3747319557059836,0.3747319557059836,0.3747319557059836,0.3747319557059836,0.0,0.0,0.0,30401243.90962019
42,2032-12-31,22349590.022499293,11519261.324943142,49511680.87027158,22349582.00442724,22349597.703803666,0.34472491565983976,0.34472491565983976,0.34472491565983976,0.34472491565983976,0.34472491565983976,0.34472491565983976,0.0,0.0,0.0,30054050.55803736
43,2033-12-31,22584230.63160719,11785922.203363817,49960622.50112952,22584221.842267152,22584239.236022487,0.35500895476075434,0.35500895476075434,0.35500895476075434,0.35500895476075434,0.35500895476075434,0.35500895476075434,0.0,0.0,0.0,30601834.742209867
44,2034-12-31,22818871.240715083,12672754.534099562,49485150.342979275,22818861.55921509,22818880.79133098,0.3650153679787378,0.3650153679787378,0.3650153679787378,0.3650153679787378,0.3650153679787378,0.3650153679787378,0.0,0.0,0.0,31148109.923504137
