,ds,trend,yhat_lower,yhat_upper,trend_lower,trend_upper,multiplicative_terms,multiplicative_terms_lower,multiplicative_terms_upper,yearly,yearly_lower,yearly_upper,additive_terms,additive_terms_lower,additive_terms_upper,yhat
0,1990-12-31,453034.0950713054,20841854.288301807,21485771.074196365,453034.0950713054,453034.0950713054,45.708420840131836,45.708420840131836,45.708420840131836,45.708420840131836,45.708420840131836,45.708420840131836,0.0,0.0,0.0,21160507.167518828
1,1991-12-31,460689.8565139772,21209208.3749921,21851518.601095796,460689.8565139772,460689.8565139772,45.71256496606961,45.71256496606961,45.71256496606961,45.71256496606961,45.71256496606961,45.71256496606961,0.0,0.0,0.0,21520004.851618446
2,1992-12-30,436296.70363263745,20052743.598902587,20687048.05239853,436296.70363263745,436296.70363263745,45.68464099118905,45.68464099118905,45.68464099118905,45.68464099118905,45.68464099118905,45.68464099118905,0.0,0.0,0.0,20368354.974728886
3,1993-12-31,470294.00204028015,21639256.332466964,22269847.189264674,470294.00204028015,470294.00204028015,45.672213543336184,45.672213543336184,45.672213543336184,45.672213543336184,45.672213543336184,45.672213543336184,0.0,0.0,0.0,21949662.091374137
4,1994-12-31,498301.3681893057,22954042.93435084,23576861.695638794,498301.3681893057,498301.3681893057,45.70842084013187,45.70842084013187,45.70842084013187,45.70842084013187,45.70842084013187,45.70842084013187,0.0,0.0,0.0,23274870.01059959
5,1995-12-31,521396.46360731206,24031702.672075093,24659829.182583556,521396.46360731206,521396.46360731206,45.712564966069614,45.712564966069614,45.712564966069614,45.712564966069614,45.712564966069614,45.712564966069614,0.0,0.0,0.0,24355766.179335516
6,1996-12-30,524066.0148056628,24147882.254953824,24769155.781057473,524066.0148056628,524066.0148056628,45.68464099118914,45.68464099118914,45.68464099118914,45.68464099118914,45.68464099118914,45.68464099118914,0.0,0.0,0.0,24465833.75688558
7,1997-12-31,526742.875001817,24279820.00439199,24899840.52721141,526742.875001817,526742.875001817,45.67221354333627,45.67221354333627,45.67221354333627,45.67221354333627,45.67221354333627,45.67221354333627,0.0,0.0,0.0,24584255.944515686
8,1998-12-31,543185.9360972089,25041334.677586492,25692053.953748897,543185.9360972089,543185.9360972089,45.70842084013188,45.70842084013188,45.70842084013188,45.70842084013188,45.70842084013188,45.70842084013188,0.0,0.0,0.0,25371357.297669414
9,1999-12-31,530266.5146997492,24446277.319320444,25070068.598828286,530266.5146997492,530266.5146997492,45.71256496606957,45.71256496606957,45.71256496606957,45.71256496606957,45.71256496606957,45.71256496606957,0.0,0.0,0.0,24770109.01724332
10,2000-12-30,584883.0676659618,27011093.26116867,27597629.70929685,584883.0676659618,584883.0676659618,45.684640991189305,45.684640991189305,45.684640991189305,45.684640991189305,45.684640991189305,45.684640991189305,0.0,0.0,0.0,27305056.035810906
11,2001-12-31,701152.4894539728,32401983.147770535,33024926.332474325,701152.4894539728,701152.4894539728,45.67221354333585,45.67221354333585,45.67221354333585,45.67221354333585,45.67221354333585,45.67221354333585,0.0,0.0,0.0,32724338.714237355
12,2002-12-31,682089.4925963804,31522512.962008577,32152120.14176902,682089.4925963804,682089.4925963804,45.70842084013166,45.70842084013166,45.70842084013166,45.70842084013166,45.70842084013166,45.70842084013166,0.0,0.0,0.0,31859323.070823602
13,2003-12-31,700803.2447617977,32429962.231124207,33062841.852134272,700803.2447617977,700803.2447617977,45.71256496606969,45.71256496606969,45.71256496606969,45.71256496606969,45.71256496606969,45.71256496606969,0.0,0.0,0.0,32736317.099367917
14,2004-12-30,689204.9889648365,31868004.029101785,32485039.149790417,689204.9889648365,689204.9889648365,45.68464099118897,45.68464099118897,45.68464099118897,45.68464099118897,45.68464099118897,45.68464099118897,0.0,0.0,0.0,32175287.479159746
15,2005-12-31,724748.0259846433,33486139.73139379,34133512.64759545,724748.0259846433,724748.0259846433,45.67221354333619,45.67221354333619,45.67221354333619,45.67221354333619,45.67221354333619,45.67221354333619,0.0,0.0,0.0,33825594.63386664
16,2006-12-31,713733.6098361964,33035232.75102608,33642539.740416825,713733.6098361964,713733.6098361964,45.70842084013195,45.70842084013195,45.70842084013195,45.70842084013195,45.70842084013195,45.70842084013195,0.0,0.0,0.0,33337369.815975603
17,2007-12-31,734602.7657340546,34025694.54237534,34628092.83888016,734602.7657340546,734602.7657340546,45.712564966069614,45.712564966069614,45.712564966069614,45.712564966069614,45.712564966069614,45.712564966069614,0.0,0.0,0.0,34315179.418606445
18,2008-12-30,743177.1668230728,34377573.23072863,35010345.20528504,743177.1668230728,743177.1668230728,45.684640991189,45.684640991189,45.684640991189,45.684640991189,45.684640991189,45.684640991189,0.0,0.0,0.0,34694959.225984134
19,2009-12-31,753111.3784502283,34844855.74106366,35448349.92399593,753111.3784502283,753111.3784502283,45.672213543336206,45.672213543336206,45.672213543336206,45.672213543336206,45.672213543336206,45.672213543336206,0.0,0.0,0.0,35149375.07694534
20,2010-12-31,719113.894417764,33258790.59388164,33901191.83219567,719113.894417764,719113.894417764,45.70842084013192,45.70842084013192,45.70842084013192,45.70842084013192,45.70842084013192,45.70842084013192,0.0,0.0,0.0,33588674.41245112
21,2011-12-31,738449.2628177842,34179573.91989604,34786382.40756568,738449.2628177842,738449.2628177842,45.71256496606963,45.71256496606963,45.71256496606963,45.71256496606963,45.71256496606963,45.71256496606963,0.0,0.0,0.0,34494859.16352197
22,2012-12-30,690760.3520254195,31940052.124389477,32543452.12716705,690760.3520254195,690760.3520254195,45.684640991189,45.684640991189,45.684640991189,45.684640991189,45.684640991189,45.684640991189,0.0,0.0,0.0,32247899.04525404
23,2013-12-31,693919.7729977727,32058567.49867628,32684802.806420065,693919.7729977727,693919.7729977727,45.6722135433363,45.6722135433363,45.6722135433363,45.6722135433363,45.6722135433363,45.6722135433363,0.0,0.0,0.0,32386771.827295493
24,2014-12-31,697070.5616723873,32246675.273101367,32895827.94432641,697070.5616723873,697070.5616723873,45.70842084013183,45.70842084013183,45.70842084013183,45.70842084013183,45.70842084013183,45.70842084013183,0.0,0.0,0.0,32559065.149860933
25,2015-12-31,700221.3503470019,32413833.683995426,33007642.38048767,700221.3503470019,700221.3503470019,45.71256496606954,45.71256496606954,45.71256496606954,45.71256496606954,45.71256496606954,45.71256496606954,0.0,0.0,0.0,32709135.31871327
26,2016-12-30,703372.1390216164,32534555.259358473,33133176.77391746,703372.1390216164,703372.1390216164,45.6846409911889,45.6846409911889,45.6846409911889,45.6846409911889,45.6846409911889,45.6846409911889,0.0,0.0,0.0,32836675.79342877
27,2017-12-31,706531.5599939697,32652127.185684204,33263037.34871858,706531.5599939697,706531.5599939697,45.67221354333627,45.67221354333627,45.67221354333627,45.67221354333627,45.67221354333627,45.67221354333627,0.0,0.0,0.0,32975391.843145058
28,2018-12-31,709682.3486685843,32839947.432544414,33449478.484929565,709682.3486685843,709682.3486685843,45.708420840131836,45.708420840131836,45.708420840131836,45.708420840131836,45.708420840131836,45.708420840131836,0.0,0.0,0.0,33148141.804425407
29,2019-12-31,712833.1373431988,30473829.162329935,36278887.598961,653646.1971529773,774733.6659489943,45.71256496606961,45.71256496606961,45.71256496606961,45.71256496606961,45.71256496606961,45.71256496606961,0.0,0.0,0.0,33298264.23811139
30,2020-12-31,715992.5583155521,25400651.74355247,41367828.41346726,548261.2715627399,885770.6463353755,45.60398675709206,45.60398675709206,45.60398675709206,45.60398675709206,45.60398675709206,45.60398675709206,0.0,0.0,0.0,33368107.705914453
31,2021-12-31,719143.3469901666,19147795.075884998,48790611.0129202,407328.46807927225,1043962.4550373239,45.67221354333649,45.67221354333649,45.67221354333649,45.67221354333649,45.67221354333649,45.67221354333649,0.0,0.0,0.0,33564011.85899478
32,2022-12-31,722294.1356647812,10423767.01176989,54371296.22881099,222994.20431382465,1165744.3974580236,45.708420840131836,45.708420840131836,45.708420840131836,45.708420840131836,45.708420840131836,45.708420840131836,0.0,0.0,0.0,33737218.45898988
33,2023-12-31,725444.9243393958,2019514.9691805386,62411600.71990237,48688.35333178001,1337019.9019515142,45.71256496606958,45.71256496606958,45.71256496606958,45.71256496606958,45.71256496606958,45.71256496606958,0.0,0.0,0.0,33887393.15750946
34,2024-12-31,728604.345311749,-6345379.730695312,72165533.82408695,-133776.94805166422,1550755.7731567621,45.603986757091654,45.603986757091654,45.603986757091654,45.603986757091654,45.603986757091654,45.603986757091654,0.0,0.0,0.0,33955867.260068186
35,2025-12-31,731755.1339863635,-15394480.884570763,82030209.46233651,-330661.25145798957,1755048.7253834475,45.672213543336284,45.672213543336284,45.672213543336284,45.672213543336284,45.672213543336284,45.672213543336284,0.0,0.0,0.0,34152631.874844216
36,2026-12-31,734905.9226609782,-24797018.12577635,90640036.2301675,-528242.7688082823,1937276.9002143496,45.70842084013184,45.70842084013184,45.70842084013184,45.70842084013184,45.70842084013184,45.70842084013184,0.0,0.0,0.0,34326295.11355435
37,2027-12-31,738056.7113355927,-36101953.13782451,99706892.8727875,-769882.939586691,2139607.805359438,45.71256496606955,45.71256496606955,45.71256496606955,45.71256496606955,45.71256496606955,45.71256496606955,0.0,0.0,0.0,34476522.076907516
38,2028-12-31,741216.1323079459,-47017808.34061169,111683418.91356063,-1009893.0072472272,2397535.449609296,45.60398675709155,45.60398675709155,45.60398675709155,45.60398675709155,45.60398675709155,45.60398675709155,0.0,0.0,0.0,34543626.81422213
39,2029-12-31,744366.9209825605,-61198119.286697745,123414055.96601842,-1310263.7353678108,2647551.2418498904,45.67221354333676,45.67221354333676,45.67221354333676,45.67221354333676,45.67221354333676,45.67221354333676,0.0,0.0,0.0,34741251.89069414
40,2030-12-31,747517.7096571751,-73468027.61308913,135515190.5744885,-1573046.9656764488,2898151.7835690775,45.70842084013158,45.70842084013158,45.70842084013158,45.70842084013158,45.70842084013158,45.70842084013158,0.0,0.0,0.0,34915371.76811863
41,2031-12-31,750668.4983317896,-87878107.45528871,148322619.1958433,-1881709.2846298425,3175165.849160239,45.71256496606973,45.71256496606973,45.71256496606973,45.71256496606973,45.71256496606973,45.71256496606973,0.0,0.0,0.0,35065650.99630573
42,2032-12-31,753827.9193041429,-102820773.13854946,161209949.01815602,-2205369.977287009,3457517.2750694365,45.60398675709078,45.60398675709078,45.60398675709078,45.60398675709078,45.60398675709078,45.60398675709078,0.0,0.0,0.0,35131386.36837558
43,2033-12-31,756978.7079787574,-119179417.04597822,172473455.82777107,-2556514.40605269,3696216.4554369007,45.67221354333529,45.67221354333529,45.67221354333529,45.67221354333529,45.67221354333529,45.67221354333529,0.0,0.0,0.0,35329871.906542614
44,2034-12-31,760129.496653372,-135320809.49271643,189448421.68731344,-2900647.319039689,4055612.409774861,45.70842084013166,45.70842084013166,45.70842084013166,45.70842084013166,45.70842084013166,45.70842084013166,0.0,0.0,0.0,35504448.42268315
