,ds,trend,yhat_lower,yhat_upper,trend_lower,trend_upper,multiplicative_terms,multiplicative_terms_lower,multiplicative_terms_upper,yearly,yearly_lower,yearly_upper,additive_terms,additive_terms_lower,additive_terms_upper,yhat
0,1990-12-31,99739157.85835809,90765234.96269706,117340110.52032948,99739157.85835809,99739157.85835809,0.04045466357252164,0.04045466357252164,0.04045466357252164,0.04045466357252164,0.04045466357252164,0.04045466357252164,0.0,0.0,0.0,103774071.93452458
1,1991-12-31,99012915.86378598,90141524.88899532,115046816.81885087,99012915.86378598,99012915.86378598,0.03995934255854665,0.03995934255854665,0.03995934255854665,0.03995934255854665,0.03995934255854665,0.03995934255854665,0.0,0.0,0.0,102969406.88650757
2,1992-12-30,98286673.82781503,88098838.48514071,115420079.87708336,98286673.82781503,98286673.82781503,0.039312543703693664,0.039312543703693664,0.039312543703693664,0.039312543703693664,0.039312543703693664,0.039312543703693664,0.0,0.0,0.0,102150572.98816168
3,1993-12-31,97558442.17406183,87666892.45935708,113977986.39426813,97558442.17406183,97558442.17406183,0.04079797417934389,0.04079797417934389,0.04079797417934389,0.04079797417934389,0.04079797417934389,0.04079797417934389,0.0,0.0,0.0,101538628.97885622
4,1994-12-31,96832200.192371,87735540.88569355,113646919.27319296,96832200.192371,96832200.192371,0.04045466357252113,0.04045466357252113,0.04045466357252113,0.04045466357252113,0.04045466357252113,0.04045466357252113,0.0,0.0,0.0,100749514.27414039
5,1995-12-31,96105958.20246701,87900358.83021979,113091077.20602609,96105958.20246701,96105958.20246701,0.03995934255854691,0.03995934255854691,0.03995934255854691,0.03995934255854691,0.03995934255854691,0.03995934255854691,0.0,0.0,0.0,99946289.10819678
6,1996-12-30,95379716.23741527,85355869.16978605,113045470.04003894,95379716.23741527,95379716.23741527,0.03931254370369517,0.03931254370369517,0.03931254370369517,0.03931254370369517,0.03931254370369517,0.03931254370369517,0.0,0.0,0.0,99129335.5004447
7,1997-12-31,94651484.45011573,85013865.96340169,111170486.71237962,94651484.45011573,94651484.45011573,0.04079797417934339,0.04079797417934339,0.04079797417934339,0.04079797417934339,0.04079797417934339,0.04079797417934339,0.0,0.0,0.0,98513073.26874807
8,1998-12-31,93925242.26450291,84765889.1609274,110280638.90405698,93925242.26450291,93925242.26450291,0.040454663572521046,0.040454663572521046,0.040454663572521046,0.040454663572521046,0.040454663572521046,0.040454663572521046,0.0,0.0,0.0,97724956.34128092
9,1999-12-31,93198999.94116852,84081085.32698566,110451617.21281572,93198999.94116852,93198999.94116852,0.03995934255854476,0.03995934255854476,0.03995934255854476,0.03995934255854476,0.03995934255854476,0.03995934255854476,0.0,0.0,0.0,96923170.70593145
10,2000-12-30,92472410.97158578,83428975.85180804,109344069.27928527,92472410.97158578,92472410.97158578,0.03931254370369798,0.03931254370369798,0.03931254370369798,0.03931254370369798,0.03931254370369798,0.03931254370369798,0.0,0.0,0.0,96107736.66929257
11,2001-12-31,91742573.96181513,82006463.2308546,109370542.62340567,91742573.96181513,91742573.96181513,0.04079797417934533,0.04079797417934533,0.04079797417934533,0.04079797417934533,0.04079797417934533,0.04079797417934533,0.0,0.0,0.0,95485485.12545595
12,2002-12-31,91012512.51235802,81455446.33914463,107704327.64726283,91012512.51235802,91012512.51235802,0.04045466357252558,0.04045466357252558,0.04045466357252558,0.04045466357252558,0.04045466357252558,0.04045466357252558,0.0,0.0,0.0,94694393.08693574
13,2003-12-31,90282348.4142231,80340054.19174592,106284298.26577225,90282348.4142231,90282348.4142231,0.0399593425585508,0.0399593425585508,0.0399593425585508,0.0399593425585508,0.0399593425585508,0.0399593425585508,0.0,0.0,0.0,93889971.70149748
14,2004-12-30,89551185.97096366,81269441.83422333,106152024.29716414,89551185.97096366,89551185.97096366,0.039312543703692304,0.039312543703692304,0.039312543703692304,0.039312543703692304,0.039312543703692304,0.039312543703692304,0.0,0.0,0.0,93071670.88316464
15,2005-12-31,88816376.73127612,79026870.95849018,105914525.26665965,88816376.73127612,88816376.73127612,0.040797974179343555,0.040797974179343555,0.040797974179343555,0.040797974179343555,0.040797974179343555,0.040797974179343555,0.0,0.0,0.0,92439904.97586158
16,2006-12-31,88081550.73063478,77965872.10522321,104976243.3323165,88081550.73063478,88081550.73063478,0.04045466357252005,0.04045466357252005,0.04045466357252005,0.04045466357252005,0.04045466357252005,0.04045466357252005,0.0,0.0,0.0,91644860.23238847
17,2007-12-31,87344680.59462655,77737645.34668288,104853657.20168924,87344680.59462655,87344680.59462655,0.03995934255854677,0.03995934255854677,0.03995934255854677,0.03995934255854677,0.03995934255854677,0.03995934255854677,0.0,0.0,0.0,90834916.60717407
18,2008-12-30,86605871.10962875,76807998.92380129,102892490.06998476,86605871.10962875,86605871.10962875,0.03931254370369282,0.03931254370369282,0.03931254370369282,0.03931254370369282,0.03931254370369282,0.03931254370369282,0.0,0.0,0.0,90010568.20262241
19,2009-12-31,85863443.6686263,75934058.8623746,102201402.52815728,85863443.6686263,85863443.6686263,0.040797974179343444,0.040797974179343444,0.040797974179343444,0.040797974179343444,0.040797974179343444,0.040797974179343444,0.0,0.0,0.0,89366498.22636841
20,2010-12-31,85122165.8172633,75429567.75420824,101935546.29847111,85122165.8172633,85122165.8172633,0.0404546635725203,0.0404546635725203,0.0404546635725203,0.0404546635725203,0.0404546635725203,0.0404546635725203,0.0,0.0,0.0,88565754.39796497
21,2011-12-31,84380384.95365344,74714413.53839655,101414360.37712772,84380384.95365344,84380384.95365344,0.039959342558547994,0.039959342558547994,0.039959342558547994,0.039959342558547994,0.039959342558547994,0.039959342558547994,0.0,0.0,0.0,87752169.66123863
22,2012-12-30,83637276.98660213,73241192.00452337,99713792.7931205,83637276.98660213,83637276.98660213,0.039312543703692776,0.039312543703692776,0.039312543703692776,0.039312543703692776,0.039312543703692776,0.039312543703692776,0.0,0.0,0.0,86925271.09339578
23,2013-12-31,82892133.08310212,72880545.95058313,98641440.94862504,82892133.08310212,82892133.08310212,0.0407979741793435,0.0407979741793435,0.0407979741793435,0.0407979741793435,0.0407979741793435,0.0407979741793435,0.0,0.0,0.0,86273964.18829721
24,2014-12-31,82149025.09190676,73361224.7653953,99107299.25339939,82149025.09190676,82149025.09190676,0.04045466357252184,0.04045466357252184,0.04045466357252184,0.04045466357252184,0.04045466357252184,0.04045466357252184,0.0,0.0,0.0,85472336.2648105
25,2015-12-31,81405917.1007114,71155094.11757797,97835358.25437471,81405917.1007114,81405917.1007114,0.03995934255854337,0.03995934255854337,0.03995934255854337,0.03995934255854337,0.03995934255854337,0.03995934255854337,0.0,0.0,0.0,84658844.02843112
26,2016-12-30,80662809.10951605,71518176.15093336,96846080.01744811,80662809.10951605,80662809.10951605,0.03931254370369126,0.03931254370369126,0.03931254370369126,0.03931254370369126,0.03931254370369126,0.03931254370369126,0.0,0.0,0.0,83833869.31789641
27,2017-12-31,79917665.20601605,70524811.45529667,94535952.05917926,79917665.20601605,79917665.20601605,0.04079797417934333,0.04079797417934333,0.04079797417934333,0.04079797417934333,0.04079797417934333,0.04079797417934333,0.0,0.0,0.0,83178144.0475645
28,2018-12-31,79174557.21482068,69496575.88679518,95392948.7583739,79174557.21482068,79174557.21482068,0.04045466357252156,0.04045466357252156,0.04045466357252156,0.04045466357252156,0.04045466357252156,0.04045466357252156,0.0,0.0,0.0,82377537.29044962
29,2019-12-31,78431449.22362533,69899342.71209319,94594843.72041574,78430097.4532389,78432812.49677083,0.03995934255854662,0.03995934255854662,0.03995934255854662,0.03995934255854662,0.03995934255854662,0.03995934255854662,0.0,0.0,0.0,81565518.37051544
30,2020-12-31,77686305.32012533,67799987.56641127,93443792.56642449,77682666.38729918,77689672.84691522,0.04098899427993886,0.04098899427993886,0.04098899427993886,0.04098899427993886,0.04098899427993886,0.04098899427993886,0.0,0.0,0.0,80870588.84452152
31,2021-12-31,76943197.32892996,67497951.67558374,93400184.55427635,76936659.17882094,76949681.47618198,0.040797974179343145,0.040797974179343145,0.040797974179343145,0.040797974179343145,0.040797974179343145,0.040797974179343145,0.0,0.0,0.0,80082323.90683176
32,2022-12-31,76200089.33773461,66927081.73754096,92900492.13104798,76190200.55706954,76209721.13431458,0.040454663572522115,0.040454663572522115,0.040454663572522115,0.040454663572522115,0.040454663572522115,0.040454663572522115,0.0,0.0,0.0,79282738.31608878
33,2023-12-31,75456981.34653924,65401255.32244066,91762040.01456685,75444249.86952597,75470793.13212813,0.039959342558545524,0.039959342558545524,0.039959342558545524,0.039959342558545524,0.039959342558545524,0.039959342558545524,0.0,0.0,0.0,78472192.7125994
34,2024-12-31,74711837.44303925,64859858.183065,91230579.4701061,74694856.63322899,74729393.82371102,0.04098899427993846,0.04098899427993846,0.04098899427993846,0.04098899427993846,0.04098899427993846,0.04098899427993846,0.0,0.0,0.0,77774200.52063568
35,2025-12-31,73968729.45184389,63796151.23646332,90921377.94827178,73946753.78474627,73989533.08787738,0.04079797417934316,0.04079797417934316,0.04079797417934316,0.04079797417934316,0.04079797417934316,0.04079797417934316,0.0,0.0,0.0,76986503.76609904
36,2026-12-31,73225621.46064854,63078470.22129263,89553933.07209122,73198419.51987538,73251036.59274101,0.040454663572521345,0.040454663572521345,0.040454663572521345,0.040454663572521345,0.040454663572521345,0.040454663572521345,0.0,0.0,0.0,76187939.34172787
37,2027-12-31,72482513.46945317,61762939.70696118,88259483.04947716,72450023.81205536,72512231.6035626,0.039959342558543956,0.039959342558543956,0.039959342558543956,0.039959342558543956,0.039959342558543956,0.039959342558543956,0.0,0.0,0.0,75378867.05468333
38,2028-12-31,71737369.56595317,61542704.95470609,88217434.18378147,71701000.45174956,71773062.93402714,0.040988994279940086,0.040988994279940086,0.040988994279940086,0.040988994279940086,0.040988994279940086,0.040988994279940086,0.0,0.0,0.0,74677812.19674997
39,2029-12-31,70994261.5747578,61356831.145050205,86729187.04946828,70950662.96495485,71036364.013181,0.04079797417934083,0.04079797417934083,0.04079797417934083,0.04079797417934083,0.04079797417934083,0.04079797417934083,0.0,0.0,0.0,73890683.62536614
40,2030-12-31,70251153.58356245,59586670.30920557,85835755.44654115,70201833.68312058,70297795.42446683,0.0404546635725276,0.0404546635725276,0.0404546635725276,0.0404546635725276,0.0404546635725276,0.0404546635725276,0.0,0.0,0.0,73093140.36736743
41,2031-12-31,69508045.5923671,58672901.61767602,84948219.69255595,69452469.03864203,69560455.59416156,0.03995934255855227,0.03995934255855227,0.03995934255855227,0.03995934255855227,0.03995934255855227,0.03995934255855227,0.0,0.0,0.0,72285541.39676796
42,2032-12-31,68762901.68886709,58648988.12806365,84082262.63943619,68700420.64672266,68820288.90345435,0.04098899427994144,0.04098899427994144,0.04098899427994144,0.04098899427994144,0.04098899427994144,0.04098899427994144,0.0,0.0,0.0,71581423.87286425
43,2033-12-31,68019793.69767173,56906884.32250713,83482681.31154083,67949682.08363652,68082474.45651242,0.0407979741793488,0.0407979741793488,0.0407979741793488,0.0407979741793488,0.0407979741793488,0.0407979741793488,0.0,0.0,0.0,70794863.48463397
44,2034-12-31,67276685.70647638,56845488.211240254,82808765.29628378,67197717.90772474,67346360.99112472,0.040454663572525584,0.040454663572525584,0.040454663572525584,0.040454663572525584,0.040454663572525584,0.040454663572525584,0.0,0.0,0.0,69998341.39300641
