,ds,trend,yhat_lower,yhat_upper,trend_lower,trend_upper,multiplicative_terms,multiplicative_terms_lower,multiplicative_terms_upper,yearly,yearly_lower,yearly_upper,additive_terms,additive_terms_lower,additive_terms_upper,yhat
0,1990-12-31,459192.70391633577,24734171.90065917,25891216.236937284,459192.70391633577,459192.70391633577,54.160832602758646,54.160832602758646,54.160832602758646,54.160832602758646,54.160832602758646,54.160832602758646,0.0,0.0,0.0,25329451.873137113
1,1991-12-31,464389.7786885978,24776822.19857224,25883114.816687346,464389.7786885978,464389.7786885978,53.52918001292857,53.52918001292857,53.52918001292857,53.52918001292857,53.52918001292857,53.52918001292857,0.0,0.0,0.0,25322793.83827461
2,1992-12-30,658280.9152682741,34883744.36855228,36047030.66325253,658280.9152682741,658280.9152682741,52.85980507605864,52.85980507605864,52.85980507605864,52.85980507605864,52.85980507605864,52.85980507605864,0.0,0.0,0.0,35454881.78163872
3,1993-12-31,571868.073200331,31339336.791108567,32450553.87836352,571868.073200331,571868.073200331,54.75399428799974,54.75399428799974,54.75399428799974,54.75399428799974,54.75399428799974,54.75399428799974,0.0,0.0,0.0,31883929.28670067
4,1994-12-31,508322.94571343827,27509835.544476762,28604023.590712525,508322.9457134382,508322.9457134382,54.16083260275751,54.16083260275751,54.16083260275751,54.16083260275751,54.16083260275751,54.16083260275751,0.0,0.0,0.0,28039516.916639563
5,1995-12-31,596630.444153663,32024322.881085202,33092815.207230214,596630.444153663,596630.444153663,53.5291800129288,53.5291800129288,53.5291800129288,53.5291800129288,53.5291800129288,53.5291800129288,0.0,0.0,0.0,32533768.890448753
6,1996-12-30,620358.2685593631,32819319.4218393,33948461.501208976,620358.2685593631,620358.2685593631,52.85980507606007,52.85980507606007,52.85980507606007,52.85980507606007,52.85980507606007,52.85980507606007,0.0,0.0,0.0,33412375.42192942
7,1997-12-31,591578.2874929451,32435273.407903656,33554096.537099306,591578.2874929451,591578.2874929451,54.75399428799881,54.75399428799881,54.75399428799881,54.75399428799881,54.75399428799881,54.75399428799881,0.0,0.0,0.0,32982852.46178578
8,1998-12-31,645036.0486366919,34995268.67029609,36110069.826943845,645036.0486366919,645036.0486366919,54.160832602757424,54.160832602757424,54.160832602757424,54.160832602757424,54.160832602757424,54.160832602757424,0.0,0.0,0.0,35580725.50159266
9,1999-12-31,701651.2951219821,37720894.59635896,38802182.18484133,701651.2951219821,701651.2951219821,53.52918001292634,53.52918001292634,53.52918001292634,53.52918001292634,53.52918001292634,53.52918001292634,0.0,0.0,0.0,38260469.77800947
10,2000-12-30,782914.4388992715,41587427.27170859,42718229.054839715,782914.4388992715,782914.4388992715,52.8598050760627,52.8598050760627,52.8598050760627,52.8598050760627,52.8598050760627,52.8598050760627,0.0,0.0,0.0,42167619.07034977
11,2001-12-31,732697.3856791625,40306537.54586614,41426580.136162505,732697.3856791625,732697.3856791625,54.75399428800338,54.75399428800338,54.75399428800338,54.75399428800338,54.75399428800338,54.75399428800338,0.0,0.0,0.0,40850805.855991036
12,2002-12-31,849770.863550804,46325727.59835445,47413334.47859881,849770.863550804,849770.863550804,54.16083260276399,54.16083260276399,54.16083260276399,54.16083260276399,54.16083260276399,54.16083260276399,0.0,0.0,0.0,46874068.355032094
13,2003-12-31,824445.0370996781,44438072.165865034,45515407.62492274,824445.0370996781,824445.0370996781,53.52918001293327,53.52918001293327,53.52918001293327,53.52918001293327,53.52918001293327,53.52918001293327,0.0,0.0,0.0,44956311.83877779
14,2004-12-30,852776.698536791,45364180.077449106,46413348.83258276,852776.698536791,852776.698536791,52.85980507605734,52.85980507605734,52.85980507605734,52.85980507605734,52.85980507605734,52.85980507605734,0.0,0.0,0.0,45930386.75659528
15,2005-12-31,839652.2162893717,46246729.83599735,47379858.9592291,839652.2162893717,839652.2162893717,54.753994287999646,54.753994287999646,54.753994287999646,54.753994287999646,54.753994287999646,54.753994287999646,0.0,0.0,0.0,46813964.87090387
16,2006-12-31,813448.5480743664,44346385.569679044,45399867.0160369,813448.5480743665,813448.5480743665,54.160832602755164,54.160832602755164,54.160832602755164,54.160832602755164,54.160832602755164,54.160832602755164,0.0,0.0,0.0,44870499.19128436
17,2007-12-31,778903.9378064715,41884327.21050825,43026981.85516485,778903.9378064715,778903.9378064715,53.529180012928684,53.529180012928684,53.529180012928684,53.529180012928684,53.529180012928684,53.529180012928684,0.0,0.0,0.0,42472993.03742809
18,2008-12-30,740330.4901310031,39313448.350878865,40426734.29978695,740330.4901310031,740330.4901310031,52.859805076057796,52.859805076057796,52.859805076057796,52.859805076057796,52.859805076057796,52.859805076057796,0.0,0.0,0.0,39874055.890318155
19,2009-12-31,701651.3617289291,38592752.147670716,39709859.000881694,701651.3617289291,701651.3617289291,54.75399428799957,54.75399428799957,54.75399428799957,54.75399428799957,54.75399428799957,54.75399428799957,0.0,0.0,0.0,39119866.01400183
20,2010-12-31,729506.2568089595,39745744.50673129,40793621.153976575,729506.2568089595,729506.2568089595,54.16083260275582,54.16083260275582,54.16083260275582,54.16083260275582,54.16083260275582,54.16083260275582,0.0,0.0,0.0,40240172.51450201
21,2011-12-31,669025.4097931603,35918587.71238733,37041192.087739356,669025.4097931603,669025.4097931603,53.529180012930055,53.529180012930055,53.529180012930055,53.529180012930055,53.529180012930055,53.529180012930055,0.0,0.0,0.0,36481407.00383554
22,2012-12-30,757661.3471875072,40292405.49186352,41348105.9327719,757661.3471875072,757661.3471875072,52.859805076057846,52.859805076057846,52.859805076057846,52.859805076057846,52.859805076057846,52.859805076057846,0.0,0.0,0.0,40807492.47318253
23,2013-12-31,750158.2031229265,41303484.74354476,42348587.671611,750158.2031229265,750158.2031229265,54.753994287998495,54.753994287998495,54.753994287998495,54.753994287998495,54.753994287998495,54.753994287998495,0.0,0.0,0.0,41824316.17201086
24,2014-12-31,742675.5594519651,40395660.66877635,41518210.50841084,742675.5594519651,742675.5594519651,54.16083260275889,54.16083260275889,54.16083260275889,54.16083260275889,54.16083260275889,54.16083260275889,0.0,0.0,0.0,40966602.21309016
25,2015-12-31,735192.9157810038,39499531.71687239,40647477.71482052,735192.9157810038,735192.9157810038,53.52918001292471,53.52918001292471,53.52918001292471,53.52918001292471,53.52918001292471,53.52918001292471,0.0,0.0,0.0,40089466.84884935
26,2016-12-30,727710.2721100423,38617840.91343127,39731946.19358868,727710.2721100424,727710.2721100424,52.85980507605625,52.85980507605625,52.85980507605625,52.85980507605625,52.85980507605625,52.85980507605625,0.0,0.0,0.0,39194333.407690726
27,2017-12-31,720207.1280454617,39573646.77453799,40713641.89893592,720207.1280454617,720207.1280454617,54.75399428799882,54.75399428799882,54.75399428799882,54.75399428799882,54.75399428799882,54.75399428799882,0.0,0.0,0.0,40154424.103222705
28,2018-12-31,712724.4843745003,38809679.97756893,39862177.721237384,712724.4843745003,712724.4843745003,54.16083260275869,54.16083260275869,54.16083260275869,54.16083260275869,54.16083260275869,54.16083260275869,0.0,0.0,0.0,39314475.97446931
29,2019-12-31,705241.840703539,31292722.764723066,46140654.54549057,573217.5584562005,846161.1737225595,53.5291800129286,53.5291800129286,53.5291800129286,53.5291800129286,53.5291800129286,53.5291800129286,0.0,0.0,0.0,38456259.28437239
30,2020-12-31,697738.6966389584,18998011.31891384,62144869.193146765,333084.87942848285,1094544.414118749,55.3079433083802,55.3079433083802,55.3079433083802,55.3079433083802,55.3079433083802,55.3079433083802,0.0,0.0,0.0,39288230.974409565
31,2021-12-31,690256.0529679969,3031906.2946164957,78650254.7085484,60199.3785073541,1407461.413412479,54.75399428799635,54.75399428799635,54.75399428799635,54.75399428799635,54.75399428799635,54.75399428799635,0.0,0.0,0.0,38484532.034432605
32,2022-12-31,682773.4092970355,-14702990.247660426,98164356.53786805,-266797.0516143847,1785269.4810389807,54.16083260275874,54.16083260275874,54.16083260275874,54.16083260275874,54.16083260275874,54.16083260275874,0.0,0.0,0.0,37662349.73584866
33,2023-12-31,675290.7656260742,-36682611.15703443,117031577.01909104,-668508.2045214474,2150744.637261003,53.52918001292703,53.52918001292703,53.52918001292703,53.52918001292703,53.52918001292703,53.52918001292703,0.0,0.0,0.0,36823051.71989151
34,2024-12-31,667787.6215614936,-60581723.01031332,151762789.2725762,-1073550.8789870976,2686288.604737072,55.30794330838284,55.30794330838284,55.30794330838284,55.30794330838284,55.30794330838284,55.30794330838284,0.0,0.0,0.0,37601747.5369244
35,2025-12-31,660304.9778905322,-84749044.0667243,181171948.54713574,-1521859.1986590293,3242011.2413687934,54.753994287998644,54.753994287998644,54.753994287998644,54.753994287998644,54.753994287998644,54.753994287998644,0.0,0.0,0.0,36814639.965645805
36,2026-12-31,652822.3342195707,-108754370.9542986,208670535.88132426,-1974034.9550578236,3776301.5308811,54.160832602758504,54.160832602758504,54.160832602758504,54.160832602758504,54.160832602758504,54.160832602758504,0.0,0.0,0.0,36010223.4972278
37,2027-12-31,645339.6905486094,-141311843.67891374,233071966.65166932,-2586146.9605739214,4278254.622307463,53.52918001292522,53.52918001292522,53.52918001292522,53.52918001292522,53.52918001292522,53.52918001292522,0.0,0.0,0.0,35189844.15541057
38,2028-12-31,637836.5464840289,-178711269.48156092,268241115.50207847,-3178992.710120856,4761927.413479868,55.30794330838346,55.30794330838346,55.30794330838346,55.30794330838346,55.30794330838346,55.30794330838346,0.0,0.0,0.0,35915264.09943779
39,2029-12-31,630353.9028130674,-211977195.8273998,297831903.5649306,-3800529.9482269045,5341989.568132663,54.753994287993386,54.753994287993386,54.753994287993386,54.753994287993386,54.753994287993386,54.753994287993386,0.0,0.0,0.0,35144747.8968541
40,2030-12-31,622871.259142106,-243095579.9250372,325556179.558386,-4406632.324107826,5906886.230538482,54.16083260276639,54.16083260276639,54.16083260276639,54.16083260276639,54.16083260276639,54.16083260276639,0.0,0.0,0.0,34358097.25861204
41,2031-12-31,615388.6154711446,-276388530.1170814,358512783.24098897,-5063314.636309888,6576816.6643767385,53.529180012934916,53.529180012934916,53.529180012934916,53.529180012934916,53.529180012934916,53.529180012934916,0.0,0.0,0.0,33556636.590936825
42,2032-12-31,607885.4714065641,-326145852.9996859,402646914.63058776,-5783417.419750852,7146846.652398256,55.30794330838826,55.30794330838826,55.30794330838826,55.30794330838826,55.30794330838826,55.30794330838826,0.0,0.0,0.0,34228780.66195369
43,2033-12-31,600402.8277356026,-351846491.9638746,434904686.17435473,-6313651.7448227415,7789939.689343298,54.75399428800953,54.75399428800953,54.75399428800953,54.75399428800953,54.75399428800953,54.75399428800953,0.0,0.0,0.0,33474855.828075558
44,2034-12-31,592920.1840646411,-380420702.8784395,461361749.8237644,-6891744.397925343,8373094.7908145785,54.16083260276438,54.16083260276438,54.16083260276438,54.16083260276438,54.16083260276438,54.16083260276438,0.0,0.0,0.0,32705971.019989915
