,ds,trend,yhat_lower,yhat_upper,trend_lower,trend_upper,multiplicative_terms,multiplicative_terms_lower,multiplicative_terms_upper,yearly,yearly_lower,yearly_upper,additive_terms,additive_terms_lower,additive_terms_upper,yhat
0,1990-12-31,0.0,-1.9388061609706746e-09,2.02690357370641e-09,0.0,0.0,0.0,0.0,0.0,0.0,0.0,0.0,0.0,0.0,0.0,0.0
1,1991-12-31,0.0,-1.957695345909687e-09,1.9087819552814393e-09,0.0,0.0,0.0,0.0,0.0,0.0,0.0,0.0,0.0,0.0,0.0,0.0
2,1992-12-30,0.0,-1.864967775145264e-09,1.977344749104812e-09,0.0,0.0,0.0,0.0,0.0,0.0,0.0,0.0,0.0,0.0,0.0,0.0
3,1993-12-31,0.0,-1.894658695809293e-09,1.886604398104876e-09,0.0,0.0,0.0,0.0,0.0,0.0,0.0,0.0,0.0,0.0,0.0,0.0
4,1994-12-31,0.0,-1.8919439143335817e-09,2.0365681103089228e-09,0.0,0.0,0.0,0.0,0.0,0.0,0.0,0.0,0.0,0.0,0.0,0.0
5,1995-12-31,0.0,-1.9260393666604882e-09,1.9821449400725127e-09,0.0,0.0,0.0,0.0,0.0,0.0,0.0,0.0,0.0,0.0,0.0,0.0
6,1996-12-30,0.0,-1.934441890631511e-09,1.919680514994278e-09,0.0,0.0,0.0,0.0,0.0,0.0,0.0,0.0,0.0,0.0,0.0,0.0
7,1997-12-31,0.0,-1.9260192508199652e-09,1.8573158084273354e-09,0.0,0.0,0.0,0.0,0.0,0.0,0.0,0.0,0.0,0.0,0.0,0.0
8,1998-12-31,0.0,-1.9180100742390138e-09,2.0380485757041606e-09,0.0,0.0,0.0,0.0,0.0,0.0,0.0,0.0,0.0,0.0,0.0,0.0
9,1999-12-31,0.0,-1.9000151903053236e-09,2.2086040396190343e-09,0.0,0.0,0.0,0.0,0.0,0.0,0.0,0.0,0.0,0.0,0.0,0.0
10,2000-12-30,0.0,-1.9635885699685654e-09,1.8573276273793928e-09,0.0,0.0,0.0,0.0,0.0,0.0,0.0,0.0,0.0,0.0,0.0,0.0
11,2001-12-31,0.0,-2.0671098898375236e-09,1.897157828190497e-09,0.0,0.0,0.0,0.0,0.0,0.0,0.0,0.0,0.0,0.0,0.0,0.0
12,2002-12-31,0.0,-1.8835781556842785e-09,2.053900878086189e-09,0.0,0.0,0.0,0.0,0.0,0.0,0.0,0.0,0.0,0.0,0.0,0.0
13,2003-12-31,0.0,-1.8884799287809645e-09,1.8851520743207686e-09,0.0,0.0,0.0,0.0,0.0,0.0,0.0,0.0,0.0,0.0,0.0,0.0
14,2004-12-30,0.0,-2.0039286592478545e-09,1.983501080181175e-09,0.0,0.0,0.0,0.0,0.0,0.0,0.0,0.0,0.0,0.0,0.0,0.0
15,2005-12-31,0.0,-1.972201485403793e-09,1.8287439861027956e-09,0.0,0.0,0.0,0.0,0.0,0.0,0.0,0.0,0.0,0.0,0.0,0.0
16,2006-12-31,0.0,-1.899942492616982e-09,1.898999779805632e-09,0.0,0.0,0.0,0.0,0.0,0.0,0.0,0.0,0.0,0.0,0.0,0.0
17,2007-12-31,0.0,-2.002479440546527e-09,1.7974889528640554e-09,0.0,0.0,0.0,0.0,0.0,0.0,0.0,0.0,0.0,0.0,0.0,0.0
18,2008-12-30,0.0,-2.085089942166448e-09,1.9843030126137173e-09,0.0,0.0,0.0,0.0,0.0,0.0,0.0,0.0,0.0,0.0,0.0,0.0
19,2009-12-31,0.0,-1.9519493240891574e-09,1.7425003099620844e-09,0.0,0.0,0.0,0.0,0.0,0.0,0.0,0.0,0.0,0.0,0.0,0.0
20,2010-12-31,0.0,-1.8300459360162568e-09,2.032812229406286e-09,0.0,0.0,0.0,0.0,0.0,0.0,0.0,0.0,0.0,0.0,0.0,0.0
21,2011-12-31,0.0,-1.9715184664285996e-09,1.916220585084728e-09,0.0,0.0,0.0,0.0,0.0,0.0,0.0,0.0,0.0,0.0,0.0,0.0
22,2012-12-30,0.0,-1.925556144564089e-09,2.039146130485746e-09,0.0,0.0,0.0,0.0,0.0,0.0,0.0,0.0,0.0,0.0,0.0,0.0
23,2013-12-31,0.0,-1.8483322794051039e-09,1.8783501974594044e-09,0.0,0.0,0.0,0.0,0.0,0.0,0.0,0.0,0.0,0.0,0.0,0.0
24,2014-12-31,0.0,-1.8379182788985234e-09,1.8765246270174624e-09,0.0,0.0,0.0,0.0,0.0,0.0,0.0,0.0,0.0,0.0,0.0,0.0
25,2015-12-31,0.0,-1.910774371657607e-09,2.0257472515567902e-09,0.0,0.0,0.0,0.0,0.0,0.0,0.0,0.0,0.0,0.0,0.0,0.0
26,2016-12-30,0.0,-2.020769414151496e-09,1.9595242964687705e-09,0.0,0.0,0.0,0.0,0.0,0.0,0.0,0.0,0.0,0.0,0.0,0.0
27,2017-12-31,0.0,-1.9188500130803363e-09,1.7990081073747542e-09,0.0,0.0,0.0,0.0,0.0,0.0,0.0,0.0,0.0,0.0,0.0,0.0
28,2018-12-31,0.0,-1.9699392673196132e-09,2.0005993312674334e-09,0.0,0.0,0.0,0.0,0.0,0.0,0.0,0.0,0.0,0.0,0.0,0.0
29,2019-12-31,0.0,-2.0460920319871323e-09,2.0841353697862334e-09,-4.985392716368044e-10,7.625590443944724e-10,0.0,0.0,0.0,0.0,0.0,0.0,0.0,0.0,0.0,0.0
30,2020-12-31,0.0,-2.4695250164768554e-09,2.834019726684621e-09,-1.6254389810174075e-09,2.190539935261232e-09,0.0,0.0,0.0,0.0,0.0,0.0,0.0,0.0,0.0,0.0
31,2021-12-31,0.0,-3.4938915385866127e-09,3.789084690373949e-09,-3.02143738681287e-09,3.733307739498912e-09,0.0,0.0,0.0,0.0,0.0,0.0,0.0,0.0,0.0,0.0
32,2022-12-31,0.0,-4.994986853522535e-09,5.6022077465679486e-09,-4.334775522499716e-09,5.078317145938048e-09,0.0,0.0,0.0,0.0,0.0,0.0,0.0,0.0,0.0,0.0
33,2023-12-31,0.0,-6.3170892453793475e-09,7.131992648398374e-09,-6.0275541859748496e-09,6.839721793945204e-09,0.0,0.0,0.0,0.0,0.0,0.0,0.0,0.0,0.0,0.0
34,2024-12-31,0.0,-8.753672870744883e-09,8.672015441179615e-09,-7.771942044383444e-09,8.837342655432875e-09,0.0,0.0,0.0,0.0,0.0,0.0,0.0,0.0,0.0,0.0
35,2025-12-31,0.0,-9.972748489240842e-09,1.0704328148562075e-08,-9.944667000100055e-09,1.0873298745857107e-08,0.0,0.0,0.0,0.0,0.0,0.0,0.0,0.0,0.0,0.0
36,2026-12-31,0.0,-1.2259906312060328e-08,1.3100207587479629e-08,-1.1899460771481444e-08,1.3038425210245443e-08,0.0,0.0,0.0,0.0,0.0,0.0,0.0,0.0,0.0,0.0
37,2027-12-31,0.0,-1.5248119997857722e-08,1.5755715905401985e-08,-1.4611164177662817e-08,1.5414993686916076e-08,0.0,0.0,0.0,0.0,0.0,0.0,0.0,0.0,0.0,0.0
38,2028-12-31,0.0,-1.843688068414481e-08,1.8182106501122417e-08,-1.7563904090358828e-08,1.7978264080365658e-08,0.0,0.0,0.0,0.0,0.0,0.0,0.0,0.0,0.0,0.0
39,2029-12-31,0.0,-2.0866748111997217e-08,2.0632620274824364e-08,-2.063403335892771e-08,2.0530471337201954e-08,0.0,0.0,0.0,0.0,0.0,0.0,0.0,0.0,0.0,0.0
40,2030-12-31,0.0,-2.423702880167029e-08,2.343561147557082e-08,-2.405287080524753e-08,2.295349817753547e-08,0.0,0.0,0.0,0.0,0.0,0.0,0.0,0.0,0.0,0.0
41,2031-12-31,0.0,-2.761313136230323e-08,2.5883817234554785e-08,-2.7043511816850483e-08,2.555342870531037e-08,0.0,0.0,0.0,0.0,0.0,0.0,0.0,0.0,0.0,0.0
42,2032-12-31,0.0,-3.035208350811342e-08,2.8306063790661064e-08,-3.011258530759526e-08,2.787968309417733e-08,0.0,0.0,0.0,0.0,0.0,0.0,0.0,0.0,0.0,0.0
43,2033-12-31,0.0,-3.265404965035345e-08,3.111427167280616e-08,-3.3053799827437374e-08,3.038400579571736e-08,0.0,0.0,0.0,0.0,0.0,0.0,0.0,0.0,0.0,0.0
44,2034-12-31,0.0,-3.62898935493642e-08,3.403135728199252e-08,-3.632251735857707e-08,3.340451195940785e-08,0.0,0.0,0.0,0.0,0.0,0.0,0.0,0.0,0.0,0.0
