,ds,trend,yhat_lower,yhat_upper,trend_lower,trend_upper,multiplicative_terms,multiplicative_terms_lower,multiplicative_terms_upper,yearly,yearly_lower,yearly_upper,additive_terms,additive_terms_lower,additive_terms_upper,yhat
0,1990-12-31,10034543.241014767,6228458.5560375815,10931353.07933921,10034543.241014767,10034543.241014767,-0.146184204198833,-0.146184204198833,-0.146184204198833,-0.146184204198833,-0.146184204198833,-0.146184204198833,0.0,0.0,0.0,8567651.522828246
1,1991-12-31,9887830.353291666,6117195.969036788,10839730.630489571,9887830.353291666,9887830.353291666,-0.1367803386898842,-0.1367803386898842,-0.1367803386898842,-0.1367803386898842,-0.1367803386898842,-0.1367803386898842,0.0,0.0,0.0,8535369.568660313
2,1992-12-30,9741117.465361657,6227308.16675352,10853346.778831327,9741117.465361657,9741117.465361657,-0.12716820536186269,-0.12716820536186269,-0.12716820536186269,-0.12716820536186269,-0.12716820536186269,-0.12716820536186269,0.0,0.0,0.0,8502357.039072517
3,1993-12-31,9594002.624642361,5833422.859179394,10485542.450306885,9594002.624642361,9594002.624642361,-0.15536839637453911,-0.15536839637453911,-0.15536839637453911,-0.15536839637453911,-0.15536839637453911,-0.15536839637453911,0.0,0.0,0.0,8103397.822038557
4,1994-12-31,9447289.736735433,5731686.212488017,10514511.994895011,9447289.736735433,9447289.736735433,-0.14618420419881606,-0.14618420419881606,-0.14618420419881606,-0.14618420419881606,-0.14618420419881606,-0.14618420419881606,0.0,0.0,0.0,8066245.204735122
5,1995-12-31,9300576.848553069,5703704.652716948,10416501.844094073,9300576.848553069,9300576.848553069,-0.13678033868988762,-0.13678033868988762,-0.13678033868988762,-0.13678033868988762,-0.13678033868988762,-0.13678033868988762,0.0,0.0,0.0,8028440.797196653
6,1996-12-30,9153863.96026807,5661743.883014444,10336709.684181567,9153863.96026807,9153863.96026807,-0.12716820536188284,-0.12716820536188284,-0.12716820536188284,-0.12716820536188284,-0.12716820536188284,-0.12716820536188284,0.0,0.0,0.0,7989783.508313963
7,1997-12-31,9006749.119148862,5030834.168515726,9847693.294333715,9006749.119148862,9006749.119148862,-0.15536839637452454,-0.15536839637452454,-0.15536839637452454,-0.15536839637452454,-0.15536839637452454,-0.15536839637452454,0.0,0.0,0.0,7607384.951959042
8,1998-12-31,8860036.231156006,5193552.05187634,9962190.171098784,8860036.231156006,8860036.231156006,-0.14618420419881456,-0.14618420419881456,-0.14618420419881456,-0.14618420419881456,-0.14618420419881456,-0.14618420419881456,0.0,0.0,0.0,7564838.885531801
9,1999-12-31,8713323.343750747,5158723.4434517035,9946703.402959844,8713323.343750747,8713323.343750747,-0.13678033868985165,-0.13678033868985165,-0.13678033868985165,-0.13678033868985165,-0.13678033868985165,-0.13678033868985165,0.0,0.0,0.0,7521512.025678329
10,2000-12-30,8566610.456939936,5056998.973408054,9682589.730056532,8566610.456939936,8566610.456939936,-0.12716820536192,-0.12716820536192,-0.12716820536192,-0.12716820536192,-0.12716820536192,-0.12716820536192,0.0,0.0,0.0,7477209.979096226
11,2001-12-31,8419495.616682457,4644218.200761956,9440836.729261015,8419495.616682457,8419495.616682457,-0.1553683963745966,-0.1553683963745966,-0.1553683963745966,-0.1553683963745966,-0.1553683963745966,-0.1553683963745966,0.0,0.0,0.0,7111372.084435558
12,2002-12-31,8272782.729295354,4615816.7326597115,9388787.693736356,8272782.729295354,8272782.729295354,-0.14618420419891426,-0.14618420419891426,-0.14618420419891426,-0.14618420419891426,-0.14618420419891426,-0.14618420419891426,0.0,0.0,0.0,7063432.56950279
13,2003-12-31,8126069.842241298,4613551.219884199,9460391.380427202,8126069.842241298,8126069.842241298,-0.13678033868995298,-0.13678033868995298,-0.13678033868995298,-0.13678033868995298,-0.13678033868995298,-0.13678033868995298,0.0,0.0,0.0,7014583.257001321
14,2004-12-30,7979356.955651096,4768852.605739449,9324842.05269194,7979356.955651096,7979356.955651096,-0.12716820536184442,-0.12716820536184442,-0.12716820536184442,-0.12716820536184442,-0.12716820536184442,-0.12716820536184442,0.0,0.0,0.0,6964636.451659396
15,2005-12-31,7832242.116183582,4233839.24334342,8855988.912930487,7832242.116183582,7832242.116183582,-0.15536839637453764,-0.15536839637453764,-0.15536839637453764,-0.15536839637453764,-0.15536839637453764,-0.15536839637453764,0.0,0.0,0.0,6615359.218575024
16,2006-12-31,7685529.230041961,4175588.06319255,8941468.592324458,7685529.230041961,7685529.230041961,-0.1461842041987807,-0.1461842041987807,-0.1461842041987807,-0.1461842041987807,-0.1461842041987807,-0.1461842041987807,0.0,0.0,0.0,6562026.25570181
17,2007-12-31,7538816.619598386,3909365.5772307334,8829888.026697015,7538816.619598386,7538816.619598386,-0.13678033868988598,-0.13678033868988598,-0.13678033868988598,-0.13678033868988598,-0.13678033868988598,-0.13678033868988598,0.0,0.0,0.0,6507654.729048776
18,2008-12-30,7392104.506437001,4402037.8261686275,8712213.006880637,7392104.506437001,7392104.506437001,-0.12716820536185072,-0.12716820536185072,-0.12716820536185072,-0.12716820536185072,-0.12716820536185072,-0.12716820536185072,0.0,0.0,0.0,6452063.842506158
19,2009-12-31,7244990.442831911,3715815.730647686,8406113.02745445,7244990.442831911,7244990.442831911,-0.15536839637453617,-0.15536839637453617,-0.15536839637453617,-0.15536839637453617,-0.15536839637453617,-0.15536839637453617,0.0,0.0,0.0,6119347.895980276
20,2010-12-31,7098278.330807901,3658529.0623227013,8334155.19983099,7098278.330807901,7098278.330807901,-0.14618420419879058,-0.14618420419879058,-0.14618420419879058,-0.14618420419879058,-0.14618420419879058,-0.14618420419879058,0.0,0.0,0.0,6060622.161837228
21,2011-12-31,6951566.21950601,3827602.4193930053,8373124.420281497,6951566.21950601,6951566.21950601,-0.13678033868990602,-0.13678033868990602,-0.13678033868990602,-0.13678033868990602,-0.13678033868990602,-0.13678033868990602,0.0,0.0,0.0,6000728.6375766685
22,2012-12-30,6804854.108263336,3619274.149504332,8381163.835286823,6804854.108263336,6804854.108263336,-0.12716820536185122,-0.12716820536185122,-0.12716820536185122,-0.12716820536185122,-0.12716820536185122,-0.12716820536185122,0.0,0.0,0.0,5939493.023566267
23,2013-12-31,6657740.046019728,3281897.1642238237,8066997.060552268,6657740.046019728,6657740.046019728,-0.15536839637451974,-0.15536839637451974,-0.15536839637451974,-0.15536839637451974,-0.15536839637451974,-0.15536839637451974,0.0,0.0,0.0,5623337.651591222
24,2014-12-31,6511027.934765858,3098006.96575837,7955093.887004945,6511027.934765858,6511027.934765858,-0.14618420419883674,-0.14618420419883674,-0.14618420419883674,-0.14618420419883674,-0.14618420419883674,-0.14618420419883674,0.0,0.0,0.0,5559218.497605716
25,2015-12-31,6364315.823511986,3242392.5290138596,7802294.125773299,6364315.823511986,6364315.823511986,-0.13678033868982797,-0.13678033868982797,-0.13678033868982797,-0.13678033868982797,-0.13678033868982797,-0.13678033868982797,0.0,0.0,0.0,5493802.549642985
26,2016-12-30,6217603.712258114,2913573.776325667,7988276.168372408,6217603.712258114,6217603.712258114,-0.1271682053618291,-0.1271682053618291,-0.1271682053618291,-0.1271682053618291,-0.1271682053618291,-0.1271682053618291,0.0,0.0,0.0,5426922.206519203
27,2017-12-31,6070489.650014506,2900480.162112159,7494308.650426711,6070489.650014506,6070489.650014506,-0.1553683963745247,-0.1553683963745247,-0.1553683963745247,-0.1553683963745247,-0.1553683963745247,-0.1553683963745247,0.0,0.0,0.0,5127327.407883602
28,2018-12-31,5923777.538760633,2833821.8146984866,7501073.039319905,5923777.538760633,5923777.538760633,-0.1461842041988337,-0.1461842041988337,-0.1461842041988337,-0.1461842041988337,-0.1461842041988337,-0.1461842041988337,0.0,0.0,0.0,5057814.833405985
29,2019-12-31,5777065.427506762,2573622.4627562817,7359496.471787251,5777065.36424848,5777065.4844859205,-0.1367803386898847,-0.1367803386898847,-0.1367803386898847,-0.1367803386898847,-0.1367803386898847,-0.1367803386898847,0.0,0.0,0.0,4986876.461698763
30,2020-12-31,5629951.365263154,2261919.0343158157,7113668.95200191,5629951.177109368,5629951.518947364,-0.1643218403377725,-0.1643218403377725,-0.1643218403377725,-0.1643218403377725,-0.1643218403377725,-0.1643218403377725,0.0,0.0,0.0,4704827.395910958
31,2021-12-31,5483239.254009281,2253452.1606434113,6905769.042586502,5483238.936881924,5483239.542827906,-0.15536839637448624,-0.15536839637448624,-0.15536839637448624,-0.15536839637448624,-0.15536839637448624,-0.15536839637448624,0.0,0.0,0.0,4631317.164176225
32,2022-12-31,5336527.142755411,2171128.860496552,7047679.489571775,5336526.655423146,5336527.582999554,-0.14618420419883468,-0.14618420419883468,-0.14618420419883468,-0.14618420419883468,-0.14618420419883468,-0.14618420419883468,0.0,0.0,0.0,4556411.16920623
33,2023-12-31,5189815.031501539,2180044.3390513686,6683292.672554788,5189814.365962974,5189815.648599627,-0.13678033868986184,-0.13678033868986184,-0.13678033868986184,-0.13678033868986184,-0.13678033868986184,-0.13678033868986184,0.0,0.0,0.0,4479950.373755023
34,2024-12-31,5042700.96925793,2017931.1103465836,6643767.1468087295,5042700.078767669,5042701.780064657,-0.16432184033781533,-0.16432184033781533,-0.16432184033781533,-0.16432184033781533,-0.16432184033781533,-0.16432184033781533,0.0,0.0,0.0,4214075.065716183
35,2025-12-31,4895988.85800406,1993586.1076272575,6517001.045700479,4895987.739301295,4895989.895563634,-0.15536839637452177,-0.15536839637452177,-0.15536839637452177,-0.15536839637452177,-0.15536839637452177,-0.15536839637452177,0.0,0.0,0.0,4135306.9204684426
36,2026-12-31,4749276.746750187,1695657.7981725743,6609074.6087414455,4749275.444948888,4749277.997352022,-0.14618420419883074,-0.14618420419883074,-0.14618420419883074,-0.14618420419883074,-0.14618420419883074,-0.14618420419883074,0.0,0.0,0.0,4055007.505006499
37,2027-12-31,4602564.635496316,1680030.3288033952,6268034.207597697,4602563.022689372,4602566.110828646,-0.13678033868983538,-0.13678033868983538,-0.13678033868983538,-0.13678033868983538,-0.13678033868983538,-0.13678033868983538,0.0,0.0,0.0,3973024.2858112706
38,2028-12-31,4455450.573252708,1332112.086387135,6074573.35245106,4455448.6623448795,4455452.33403374,-0.16432184033782682,-0.16432184033782682,-0.16432184033782682,-0.16432184033782682,-0.16432184033782682,-0.16432184033782682,0.0,0.0,0.0,3723322.7355215973
39,2029-12-31,4308738.461998835,1207112.2619770493,5998944.1095002005,4308736.296480195,4308740.542396826,-0.15536839637443867,-0.15536839637443867,-0.15536839637443867,-0.15536839637443867,-0.15536839637443867,-0.15536839637443867,0.0,0.0,0.0,3639296.676761211
40,2030-12-31,4162026.3507449636,1122896.2464168868,5821942.453314525,4162023.8289277675,4162028.7390159736,-0.14618420419895095,-0.14618420419895095,-0.14618420419895095,-0.14618420419895095,-0.14618420419895095,-0.14618420419895095,0.0,0.0,0.0,3553603.840806247
41,2031-12-31,4015314.239491093,1055968.7348502672,5774773.050408787,4015311.386436622,4015316.9549113107,-0.136780338689977,-0.136780338689977,-0.136780338689977,-0.136780338689977,-0.136780338689977,-0.136780338689977,0.0,0.0,0.0,3466098.197866814
42,2032-12-31,3868200.1772474847,794449.3641011001,5658613.672168111,3868197.0211357623,3868203.171951072,-0.16432184033790653,-0.16432184033790653,-0.16432184033790653,-0.16432184033790653,-0.16432184033790653,-0.16432184033790653,0.0,0.0,0.0,3232570.405326762
43,2033-12-31,3721488.0659936126,834668.0548666471,5390883.7011730345,3721484.559874665,3721491.3602046473,-0.15536839637469438,-0.15536839637469438,-0.15536839637469438,-0.15536839637469438,-0.15536839637469438,-0.15536839637469438,0.0,0.0,0.0,3143286.4330526222
44,2034-12-31,3574775.954739742,735519.5941370417,5488191.332078621,3574772.1314989747,3574779.590100724,-0.14618420419892014,-0.14618420419892014,-0.14618420419892014,-0.14618420419892014,-0.14618420419892014,-0.14618420419892014,0.0,0.0,0.0,3052200.176606678
